150
opossum_V2R7                                             0.0000000 0.8346935 2.2113254 1.2160815 1.1652965 0.7792714 0.8938765 0.8001139 0.8387989 1.7234959 0.7637359 0.8996380 1.9732306 1.1839952 0.8733200 2.2946744 1.9566247 1.7519709 2.0397909 2.1530715 2.0232133 2.0453525 2.0010750 1.6873546 1.7392870 1.6259760 1.6656575 1.7822264 2.0195738 2.0536688 2.0837889 2.2261216 1.7709296 2.1605605 2.1985965 2.0370895 2.1325413 2.1867234 2.0923753 2.0049099 2.0859408 2.0062036 2.0187557 2.0182035 1.9913124 1.9712873 1.9064257 2.0741288 2.1294325 2.0106159 1.9197672 2.1212189 2.1406106 1.9183667 2.2277887 2.0908840 2.1907874 2.4983548 2.1384805 2.0455971 1.8899675 2.1047713 1.8868895 1.9439894 1.8392321 2.0242116 1.9571004 1.9904631 2.1334585 2.0431501 1.8430389 2.0146850 1.9830104 1.7315919 1.5430332 1.9377126 1.6495023 1.6798254 1.8148670 1.7858176 1.8506078 1.8441737 1.7350346 1.8984345 2.1581124 2.1394946 2.1801466 2.3708025 2.2205783 2.2739079 2.3857336 2.1669301 2.2538735 2.3157780 2.2883203 2.2789868 2.1669748 2.3139272 2.1185693 2.2424227 2.4460519 2.3814548 2.2457225 2.2330174 2.1494109 2.3139665 2.2037477 2.2005244 2.3025440 2.2462801 2.2715217 2.1363411 2.2576964 2.2689380 2.3713810 2.3826972 2.1923951 2.0623960 2.1342670 1.9873259 2.1089656 2.2540609 2.2189930 2.0966622 2.1139398 2.0448081 2.4947680 1.9589034 2.0320234 2.0547981 2.2334877 2.2396747 2.0499033 2.0954061 3.0100043 3.2735371 3.0858189 3.4611909 3.0382641 3.1741266 3.2746056 2.0794472 2.0970748 2.1180623 2.0923385 2.0900404 3.0718830 2.8181222 2.7869894 2.8172551 
opossum_V2R12                                            0.8346935 0.0000000 2.2256454 1.2353201 1.2414327 0.6593862 0.5738266 0.5045291 0.4757788 1.5845988 0.7786541 0.6454507 1.9183943 1.1736801 0.5498867 2.1686683 1.8099375 1.7780241 1.8736430 1.8826815 1.9038537 1.8599199 1.8951563 1.6377873 1.6586745 1.6714118 1.6186212 1.7770852 1.8648668 1.8161668 1.9515262 2.0641791 1.7425332 1.9818916 2.0355817 1.9387568 2.0726868 1.9759375 1.9504182 1.9158600 1.8810475 1.7819392 1.8441000 1.9036337 1.9041032 1.6939229 1.6986209 1.8655550 1.9367288 1.9481027 1.8377883 1.8997464 1.9878476 1.7216622 2.1362453 2.0116238 2.0699946 2.2890848 1.9845304 1.7950440 1.8872412 1.8432334 1.6992158 1.8105477 1.8301606 1.8581172 1.7445700 1.8328875 1.9890014 1.8979162 1.8240258 1.7404349 1.8747498 1.6038840 1.4198035 1.7365746 1.5487900 1.6904787 1.6917106 1.8575165 1.9218251 1.7149198 1.9288345 2.0868535 1.9451454 1.9920978 2.0954741 2.1695861 2.1346235 2.1263016 2.0803443 2.0855181 2.1293118 1.9914785 2.2135402 2.2095102 2.0130771 2.2538736 2.0685428 2.1868004 2.2375809 2.3027890 2.3966321 2.3165602 2.0517975 2.2797306 2.0489157 2.0461455 2.2567296 2.1343872 2.1193370 2.0528821 2.1179358 2.0821179 2.3253858 2.2663783 2.1365422 1.9120738 2.0095132 2.0144258 1.9117374 2.0832291 2.1024571 2.0049900 2.0771615 2.0083928 2.2392373 2.0324870 2.0399610 1.9061205 2.0821435 2.1169931 1.9503694 2.2480267 2.8356103 3.1992411 3.1806838 3.2462128 2.8248866 3.2945875 3.2145431 2.1261384 2.1741393 2.1505065 2.1721395 2.1234517 3.1401868 2.6134960 2.7290640 2.6644400 
opossum_V2R15                                            2.2113254 2.2256454 0.0000000 2.3246970 2.3450667 2.4792081 2.3802680 2.2294698 2.2612157 2.0333378 2.2780503 2.1895165 2.1681624 2.3800460 2.4685361 0.6559631 2.7623452 2.1222964 2.5245199 2.6707235 2.6892159 2.4360571 1.7908320 1.8819412 1.9655371 2.1239784 2.0654435 2.0712034 2.6435463 2.4544475 2.5920727 3.0547419 2.2161846 2.5936294 2.7956876 2.5537010 2.6964118 2.6131901 2.7175557 2.2416458 1.8443023 2.5060965 1.8177737 1.8210156 1.8621134 1.7493642 1.7130015 1.8022109 2.8331330 2.3482463 2.2964210 2.6044039 2.7352062 1.8196262 2.9866066 2.4585271 2.7534662 3.2278319 2.5380382 2.5752333 1.7013920 2.6904029 1.5031562 2.3352462 2.2907660 2.5209194 2.7359086 2.1622106 2.6743097 2.5013282 2.1971541 2.6213276 2.5419353 2.0594007 1.9593099 2.4306541 1.5822136 2.0481391 2.0474454 2.1485409 2.3426677 2.1281890 2.4131932 2.4872824 2.5930744 1.6526440 1.5039034 1.7934583 1.5998508 1.5934516 1.6251720 1.5445938 1.5593642 1.6752747 1.5586733 1.7284425 1.4820076 1.6372097 1.6804760 1.6084029 1.8531424 1.5671395 1.6893701 1.8085101 1.6708260 1.7236359 1.5439690 1.5922491 1.6504436 1.6492949 1.6309270 1.4923428 1.6456616 1.7690935 1.5820779 1.9032089 0.8541943 1.4293107 1.3209396 1.4639785 1.5070036 1.5312971 1.5574271 1.4843190 1.5840398 1.3767109 1.5251207 1.5839523 1.3153862 1.3591055 1.5320809 1.5747046 1.5438630 1.6410517 2.7183684 2.8246981 2.9557944 2.9432902 2.4415640 2.9827496 2.8080861 1.5290829 1.5037923 1.4939567 1.5189979 1.4940141 2.9449564 1.9731474 1.9690618 2.0191804 
opossum_V2R16                                            1.2160815 1.2353201 2.3246970 0.0000000 0.5090065 1.2579155 1.3336270 1.1165868 1.2170176 1.7091985 1.1912869 1.1920625 2.1698340 0.5020341 1.3258631 2.2454961 2.0797598 1.9209699 2.0956982 2.1018328 2.0215439 2.0231653 2.0174539 1.7638761 1.8551008 1.6955240 1.7591349 1.7592142 2.0655907 1.9973020 2.2252661 2.3162342 1.8745461 2.1031854 2.1807373 2.0050143 1.9938712 1.9521260 2.0455449 1.8499441 1.9787798 2.0414186 2.0519743 2.0182867 1.9823846 1.8698100 1.8267734 2.0520233 2.1452668 1.8350089 1.8550065 1.8744993 2.2181373 1.8869640 2.2877969 1.9097085 2.1029906 2.5050003 1.8934809 1.9885979 1.9389414 2.1104574 1.7160384 1.8505588 1.9269610 2.1638134 2.0250427 2.0096776 1.9567733 2.0698781 1.8598055 2.0543710 1.8915572 1.7327616 1.6786086 2.0950728 1.5901493 1.7845858 1.7982469 1.9348897 1.8821707 1.7689341 2.0378667 2.0469099 1.9786717 2.2553324 2.1315590 2.4269470 2.2672704 2.3342949 2.2247718 2.2956651 2.2231405 2.0800327 2.2692345 2.2954306 2.1484052 2.3419154 2.2513003 2.1166705 2.4204061 2.0928540 2.2851197 2.3941982 2.2307823 2.3728643 2.2466770 2.1964851 2.4245631 2.2917995 2.2416826 2.1170349 2.3703161 2.2725924 2.2743678 2.3859140 2.1393782 2.0434216 2.1668569 2.0511534 2.1397847 2.1846633 2.2015387 2.1560871 2.2878491 2.1117496 2.5344847 2.1600454 2.1457880 2.1834709 2.1081871 2.2962866 2.0569710 2.2247844 3.0316319 3.4541158 3.2513194 3.6217064 3.0395673 3.2408748 3.4790760 2.2616075 2.2805229 2.2698975 2.2658554 2.2510851 3.2146389 2.6500416 2.6365412 2.6744043 
opossum_V2R17                                            1.1652965 1.2414327 2.3450667 0.5090065 0.0000000 1.2426803 1.3395965 1.1767653 1.2135530 1.7061246 1.1340500 1.2183246 2.0714039 0.4425858 1.3210025 2.3408056 1.9898760 1.9118747 2.0665925 2.0992479 1.9961216 1.9949376 2.0473923 1.7264502 1.9141728 1.7612784 1.6611749 1.8305733 2.0663282 2.1362967 2.1844834 2.1968643 1.8675215 2.0586327 2.0919062 2.0037773 2.0848018 1.9924379 2.0780693 1.8137095 2.0611245 1.9436033 2.0001210 2.0392025 2.0402301 1.8645714 1.9794257 2.1094330 2.1529306 1.7820378 1.7729656 1.9070641 2.1552920 1.9521042 2.2019385 1.9147080 2.0398627 2.4458320 1.9919862 2.0724780 1.9735356 2.0766244 1.8748817 1.7994382 1.9734513 2.0766862 1.9398559 1.8860516 2.0385376 2.1183797 1.9399650 2.0260056 1.8865295 1.7067029 1.6113987 2.0548906 1.7220361 1.8499010 1.7916385 1.9190131 1.9296829 1.7724467 2.1315599 2.1134964 1.9251766 2.1743795 2.0876214 2.4397990 2.3059977 2.2297640 2.3092339 2.2900592 2.2213855 2.2263449 2.2672717 2.3577491 2.1683550 2.3414056 2.1647174 2.1665767 2.3493197 2.1970634 2.4184994 2.3724490 2.2699010 2.3640144 2.1124094 2.1818907 2.4582371 2.2886688 2.2101735 2.0622686 2.2289055 2.2047551 2.2127033 2.3094506 2.1598175 2.0337906 2.0363589 2.0680097 2.0998779 2.1527723 2.1688961 2.1433552 2.1672430 2.0317246 2.6314700 2.0842319 2.0908555 2.0676095 2.0734806 2.1719733 2.0771137 2.2093234 2.9061035 3.2576206 3.1528557 3.6419335 3.1441125 3.3484140 3.4480409 2.2389700 2.2587995 2.2279669 2.2436098 2.2503774 3.2992506 2.7788869 2.8306499 2.8126792 
opossum_V2R23                                            0.7792714 0.6593862 2.4792081 1.2579155 1.2426803 0.0000000 0.5738235 0.6013487 0.6028437 1.6655709 0.7731419 0.5765708 2.0129760 1.2195756 0.5519952 2.4263252 1.9833352 1.9000968 2.0372808 2.0692650 2.0961741 2.0497922 2.0097578 1.7482158 1.8016514 1.7448999 1.7007105 1.8876580 2.0469338 2.0170481 2.1074889 2.0918847 1.8526003 2.1721658 2.2734232 2.0300213 2.0322458 2.1245400 2.1124656 1.9440308 2.0638052 1.9843041 2.0286023 1.9479970 2.0040930 1.8813872 1.9207061 2.0506033 2.2669382 1.9825890 1.8795318 2.0055566 2.1900292 1.9584687 2.2141913 1.9780629 2.2841208 2.4069864 2.0054479 2.0532199 1.8904712 2.1722560 1.8839545 1.8908560 1.9501295 2.1128504 1.9108291 1.9619020 2.1459443 2.1094131 1.8973104 2.0678108 1.9604773 1.7575726 1.5822422 1.9476824 1.7813051 1.8268234 1.8001111 1.8302784 1.9925048 1.8220926 1.9216740 1.9474380 2.1200975 2.1262651 2.3042307 2.3567457 2.3573069 2.3612753 2.2800890 2.4047849 2.4321961 2.2368547 2.4399174 2.4286114 2.2535880 2.3429429 2.2475683 2.2046155 2.5824488 2.4313967 2.3766593 2.4892934 2.3090372 2.3889189 2.2396787 2.2672148 2.4640934 2.2981956 2.3761428 2.2013411 2.3194976 2.2858359 2.3955443 2.5624472 2.3838602 2.0633921 2.1375193 2.1887229 1.9947785 2.2084325 2.2599447 2.1143779 2.1885572 2.1653398 2.5766437 2.0118503 2.1242424 2.1259770 2.1922391 2.3101790 2.0887124 2.4722258 2.9698707 3.2964030 3.3294673 3.5385084 3.0374033 3.4309776 3.5362902 2.3620366 2.4053720 2.3718676 2.3929543 2.3692046 3.3236760 2.8053046 2.9706115 2.8336413 
opossum_V2R41                                            0.8938765 0.5738266 2.3802680 1.3336270 1.3395965 0.5738235 0.0000000 0.5623077 0.5858219 1.7318237 0.9125575 0.6677238 2.1248488 1.2580923 0.2971320 2.2596571 2.1507301 1.9485719 2.2387140 2.0699413 2.1957543 2.1560188 2.0657461 1.7451205 1.8156827 1.7045488 1.7414192 1.8851135 2.0389587 2.1276674 2.2354187 2.2260951 1.9625598 2.2576518 2.3453137 2.2697691 2.2903247 2.2165211 2.2690247 2.0843215 2.1830740 2.1140559 2.1239619 2.1277709 2.0654452 1.9766154 1.9534427 2.1587269 2.3201189 2.0208793 1.9568454 2.2159957 2.2653192 2.0265535 2.4846863 2.2423459 2.3994569 2.5868134 2.1698966 2.1267704 1.9856804 2.1289958 1.9292959 1.9547624 1.9766861 2.2161596 2.0392570 1.9886664 2.2896078 2.1476157 1.9065052 2.1634707 2.1768643 1.7058996 1.5588727 2.0461984 1.8395353 1.6494365 1.7064371 1.8984152 2.0073478 1.8958425 1.9667442 2.0619517 2.2026627 2.2793212 2.3209134 2.3656782 2.4870588 2.3861553 2.4150785 2.4523294 2.5644030 2.3422230 2.5040695 2.5133857 2.4549336 2.5091363 2.3370160 2.3643982 2.6583008 2.5679908 2.4954496 2.6081390 2.4392642 2.5582651 2.2826498 2.2632558 2.5163207 2.5336656 2.4409844 2.2800562 2.3952097 2.3519912 2.4869799 2.5887949 2.3183634 2.1397310 2.2308409 2.1677761 2.1044216 2.3231678 2.3019656 2.2132831 2.1820903 2.3089656 2.5859157 2.1760928 2.2212901 2.1244673 2.3403941 2.3135505 2.2593261 2.4256960 3.2180899 3.5891986 3.5614196 3.7845682 3.3956111 3.8445156 3.7240046 2.2579761 2.3112081 2.2830999 2.2988911 2.2352134 3.6688913 2.8680234 2.7366886 2.8593192 
opossum_V2R63                                            0.8001139 0.5045291 2.2294698 1.1165868 1.1767653 0.6013487 0.5623077 0.0000000 0.4597003 1.6425723 0.7845054 0.6255815 1.9821874 1.1421092 0.5301742 2.1202262 1.9015939 1.8045425 1.9405797 1.8795381 1.9505243 1.9414752 1.8993385 1.5816527 1.6797163 1.5972945 1.6085092 1.7752534 1.9208848 1.9077494 1.9525494 2.0801534 1.8092883 1.9521641 2.0365562 1.9482269 2.0775831 1.9913590 1.9654504 1.8642663 1.9341900 1.8517664 1.9337013 1.9257009 1.9027384 1.7857647 1.7136104 2.0127463 2.0556918 1.9507380 1.7474210 1.9380574 1.9927367 1.8541901 2.0858368 1.9779001 2.0726727 2.2328191 2.0240777 1.8731336 1.8612489 1.9348175 1.7181159 1.8318998 1.8889440 1.9588068 1.8235242 1.8604664 2.0118104 1.9932741 1.8146977 1.8752106 1.8670504 1.5606895 1.4563795 1.8486607 1.5711349 1.6532237 1.6729114 1.7844196 1.9475541 1.7087075 1.9623911 2.0497064 1.9980364 2.0988957 2.0687767 2.0225288 2.2269586 2.1197764 2.1259731 2.1686622 2.1547252 2.0483842 2.3222438 2.2282011 2.0944010 2.1548579 2.0952614 2.1944015 2.2702138 2.2465337 2.2615022 2.1736771 2.2100692 2.1783624 2.1016742 2.0384281 2.2061017 2.1666555 2.0696377 2.0895073 2.1426802 2.1854046 2.2664384 2.2142663 2.1051558 1.9486118 2.0012323 1.9398932 1.9497270 2.0375598 2.0986187 1.9362586 2.0102987 2.0184781 2.2889121 2.0835839 2.0646986 1.9005214 2.0753259 2.0917130 1.9574991 2.2583843 3.0101518 3.2405120 3.1829375 3.2400677 3.0068014 3.2666436 3.3348603 2.2039319 2.2460508 2.2167682 2.2399447 2.1858499 3.1823475 2.5954397 2.7621849 2.6071823 
opossum_V2R49                                            0.8387989 0.4757788 2.2612157 1.2170176 1.2135530 0.6028437 0.5858219 0.4597003 0.0000000 1.6616491 0.7750712 0.6432964 1.9987480 1.1563634 0.5502529 2.1273661 1.8962898 1.8440709 1.9180901 1.8604740 1.9709925 1.9061533 1.9185926 1.5936909 1.7031022 1.6494122 1.6015680 1.7882202 1.9301680 1.8718787 1.9621639 2.1249046 1.7906194 1.9522532 2.0479620 2.0147020 2.0215188 2.0156399 1.9444909 1.8917903 1.9407540 1.8103611 1.8690785 1.8573608 1.9309145 1.7177147 1.7084425 1.9584193 2.0771304 1.9173984 1.7023425 1.9550800 2.0098491 1.8259761 2.1561772 1.9896638 2.1059504 2.2609197 1.9545352 1.8975008 1.8524285 1.9523352 1.7473045 1.8032820 1.9497106 1.9348844 1.8062942 1.8752507 1.9593994 1.9505847 1.7958802 1.9062464 1.8504317 1.6656842 1.4356707 1.8283241 1.6321769 1.6699857 1.7457389 1.9419063 1.9445997 1.7395527 1.9942553 2.0963067 2.0253954 2.0322218 2.1513781 2.2523398 2.2131658 2.1276360 2.2439268 2.1743225 2.2550690 2.1288421 2.2421664 2.2055031 2.1877710 2.3287615 2.2060140 2.1450420 2.2870837 2.2342735 2.3608892 2.3041985 2.2901294 2.2330494 2.1577752 2.1434113 2.2268196 2.1516601 2.2172455 2.0843526 2.2161119 2.2607616 2.3084872 2.3310030 2.1233556 1.9571349 1.9674482 1.9950588 1.9284949 2.1082659 2.1268489 1.9908369 2.0276240 2.0579212 2.3484763 2.1433846 2.0018361 2.0294760 2.1474952 2.1296750 2.0847380 2.2178278 2.9363824 3.2562388 3.1467744 3.3073468 2.9984235 3.4279024 3.3269211 2.1701570 2.2176070 2.2019258 2.2195827 2.1680313 3.2872729 2.6273405 2.6254264 2.6644214 
opossum_V2R54                                            1.7234959 1.5845988 2.0333378 1.7091985 1.7061246 1.6655709 1.7318237 1.6425723 1.6616491 0.0000000 1.6096910 1.5554262 1.9153262 1.6223773 1.7579921 1.9396763 2.2522333 1.8479211 2.2089581 2.1888789 2.2790197 2.0114200 1.6901922 1.7486892 1.8335847 1.7259674 1.7846037 1.8296109 2.1630112 2.0654172 2.2665012 2.4039470 1.9708428 2.2902601 2.3632393 2.2197462 2.2365649 2.2630912 2.2104647 1.8693948 1.7709116 2.1670850 1.8056791 1.7977965 1.8299839 1.6871652 1.7450306 1.8121756 2.4778433 1.9370027 1.8519056 2.0662554 2.3426577 1.7334781 2.5226965 2.0555622 2.3097164 2.4701209 2.1136449 2.1391420 1.7032750 2.2249181 1.6986909 2.0037961 1.9889920 2.1479147 2.1312049 1.9067821 2.2058690 2.2479977 1.8146137 2.2572851 2.1763286 1.7164026 1.6417254 2.0124446 1.6522469 1.7384847 1.8095096 1.8216906 1.9616065 1.8471749 2.0130841 2.1127107 2.2340449 1.9344027 1.9887712 1.9938423 1.9661021 2.0325584 1.8640413 1.8681302 1.9723568 1.8648040 1.9758216 2.2160492 1.9605407 2.0380406 1.8648795 1.9345181 2.2635366 1.9949782 2.0040664 2.1301561 2.0585660 2.0493137 1.9608034 1.9479373 2.0816436 1.9415881 1.9848364 1.8493867 1.9703898 1.9867106 2.0132724 2.2157925 1.8629638 1.8351323 1.8569693 1.8106087 1.8621619 1.9591090 1.8750881 1.8387342 1.9156121 1.7640703 2.1989440 1.8691428 1.6811717 1.7520043 1.8250526 1.9685671 1.8896742 2.0753311 2.8291706 2.9786152 2.9591785 3.3180582 2.8557524 3.1943924 3.0237169 1.9329166 1.9337498 1.9466539 1.9463730 1.9363575 3.2544339 2.3465698 2.3853912 2.3684291 
opossum_V2R56                                            0.7637359 0.7786541 2.2780503 1.1912869 1.1340500 0.7731419 0.9125575 0.7845054 0.7750712 1.6096910 0.0000000 0.7746130 1.8972634 1.0834191 0.8833136 2.0636881 1.7987261 1.7254002 1.9500738 1.9410874 1.8537740 1.8562104 1.8443842 1.4422505 1.5723139 1.5188532 1.4914847 1.5693154 2.0053408 1.9394829 2.0471347 2.0877700 1.6340086 1.9708572 1.9783238 1.8578412 1.9756725 2.0537624 1.8860501 1.7563792 1.9580360 1.8869064 1.9147581 1.9443127 1.9424475 1.8260671 1.7804084 1.9745411 2.0768644 1.7159388 1.7218749 1.8713145 1.9708720 1.7575275 2.1091753 1.8386501 1.9413297 2.2960802 2.0409788 1.8433047 1.7440834 1.9463793 1.7670114 1.7382667 1.6742814 1.9328380 1.8133460 1.7018841 1.9856995 1.9836233 1.6928842 1.9303572 1.7799871 1.5856254 1.4173936 1.8184516 1.6252117 1.6204220 1.6478088 1.7521512 1.7203873 1.5572285 1.8156962 1.9120368 1.9947111 1.9651052 2.0459405 2.0746098 2.1874409 2.1453718 2.1440504 2.0942897 2.1514892 1.9735403 2.1499183 2.2650985 2.0473302 2.1002776 2.0710506 2.0659088 2.2236529 2.1558778 2.2252317 2.2128716 2.0675541 2.2721997 1.9901526 2.0750548 2.2208575 2.1875242 2.0935074 2.0807958 2.1620210 2.1383267 2.0976714 2.2139057 2.0578877 1.8865043 2.0130683 1.9486295 1.9432242 2.1085620 2.0677146 1.9866132 2.0069062 1.8304145 2.2013135 2.0254590 1.9517110 1.9094730 2.0550566 2.0907891 2.0071788 2.2465970 2.7127300 3.2058821 3.1442761 3.2045422 2.7618514 3.1396189 3.1488118 2.1926900 2.1998173 2.2065080 2.2098520 2.1766550 2.9562953 2.6145010 2.5509203 2.6979786 
opossum_V2R42                                            0.8996380 0.6454507 2.1895165 1.1920625 1.2183246 0.5765708 0.6677238 0.6255815 0.6432964 1.5554262 0.7746130 0.0000000 1.8978812 1.1426344 0.6695507 2.1362385 1.8936157 1.7944702 1.9545075 1.9524085 1.9098125 1.8892310 1.9072096 1.5295429 1.7423222 1.5825901 1.5057749 1.6851952 1.9555524 1.9474059 1.9733117 2.1427021 1.7538898 1.9738224 2.0108458 1.9429568 1.8640421 1.9509659 1.9630639 1.8493758 1.9377160 1.8753847 1.8683939 1.8402125 1.8212024 1.7161837 1.7337850 1.9206782 2.0338333 1.8276405 1.7764730 1.8972940 1.9996168 1.7641536 2.0464370 1.8857761 2.0192515 2.2216507 1.9283573 1.8455386 1.7917362 1.9914587 1.7508835 1.7817102 1.7432564 1.9856137 1.7495428 1.8516989 1.9866433 1.9312436 1.7633271 1.9204701 1.8485441 1.6352498 1.4295560 1.8877067 1.6776026 1.6838321 1.6419433 1.8968453 1.7932577 1.7403926 1.7973425 1.9673309 1.9927858 2.0382692 2.0861728 2.1153599 2.1556997 2.2230369 2.0895847 2.1738428 2.2682277 2.0283276 2.1913694 2.2255635 2.1547697 2.1891832 2.1925111 2.1286035 2.2385049 2.2769775 2.2647268 2.3705489 2.1602985 2.2676347 2.0886937 2.0478879 2.2945960 2.2354181 2.1089697 2.1491660 2.1579539 2.1170852 2.2371383 2.2014489 2.0736538 1.8800812 2.0115401 1.9988197 1.9406690 2.0209049 2.1319965 2.0531582 2.0202782 1.9608973 2.2067748 2.0757414 2.0274436 1.9457011 2.0965266 2.1909013 2.0264376 2.2259066 2.8866158 3.0832980 2.9881463 3.3309493 2.9862879 3.0233802 3.1387092 2.1519684 2.1712556 2.1696939 2.1775778 2.1445553 2.9085535 2.6225861 2.7137201 2.6126541 
opossum_V2R80                                            1.9732306 1.9183943 2.1681624 2.1698340 2.0714039 2.0129760 2.1248488 1.9821874 1.9987480 1.9153262 1.8972634 1.8978812 0.0000000 2.0160376 2.1987340 2.0561513 2.0255135 1.8486387 1.9599832 2.1067539 2.0748696 2.0411008 1.8473461 1.6996480 1.7825221 1.8016256 1.8504878 1.8674659 2.1773591 2.1120971 2.1836418 2.3346922 1.9058988 2.1258898 2.2308079 2.0935562 2.1649323 2.1446276 2.1867797 1.8643756 1.7992123 2.0658045 1.7007904 1.6054316 1.6703714 1.6426437 1.5616219 1.7562679 2.2336210 1.9490362 1.8558427 1.9985504 2.1705238 1.7312374 2.3045264 2.0352846 2.2681690 2.4742186 2.0957528 2.1263466 1.6359303 2.1844426 1.5616507 1.8783353 2.0011526 1.9186141 2.0285439 1.9210067 2.1934495 2.1816899 2.0379807 2.1867324 2.1030838 1.8121119 1.7828052 2.0315828 1.4440127 1.8135173 1.8741163 1.9538796 1.9866109 1.9650278 2.1102431 2.0646337 2.2395581 1.8401489 1.9579447 2.1225804 2.1195492 1.9120003 1.9761337 1.8115721 1.9301750 1.8679440 2.0340476 2.1430165 1.9068128 2.1317930 2.0289287 1.8519642 1.9509374 1.9056890 2.0907152 2.0459233 1.9701932 2.1128924 1.9031166 1.9695947 2.0781252 1.9590417 1.9068272 1.9774193 1.9099148 2.0264818 1.8616804 2.0181826 1.8877569 1.7705117 1.8287221 1.9150454 1.7980607 1.9223069 1.8655593 1.8177666 1.8784667 1.8013260 2.0920826 1.8758582 1.6990974 1.7817999 1.9416859 1.8571785 1.8485745 2.1140355 3.0231975 3.2231871 3.2446365 3.2922233 2.8176986 3.2380864 3.3996507 2.0508485 2.0321156 2.0403788 2.0331190 2.0350031 3.0525831 2.3292232 2.5077220 2.3601363 
opossum_V2R84                                            1.1839952 1.1736801 2.3800460 0.5020341 0.4425858 1.2195756 1.2580923 1.1421092 1.1563634 1.6223773 1.0834191 1.1426344 2.0160376 0.0000000 1.2597824 2.2502996 2.0277084 1.8743477 2.0366954 2.0945562 1.9143412 2.0069273 1.9378929 1.7135618 1.8924667 1.6086978 1.5356939 1.7688722 2.0996107 2.0791671 2.1450745 2.2773162 1.8500913 2.1039781 2.1696739 1.9059210 1.9976387 1.9300314 2.0834642 1.8003015 2.0710765 2.1069102 2.0356937 2.0670407 1.9630748 1.8138599 1.8966239 2.1201433 2.1271314 1.8014330 1.8639577 1.8400955 2.2387764 1.9715247 2.2021177 1.8235009 2.1140814 2.3663371 1.9507452 2.0739530 1.8305446 2.1113557 1.8550832 1.8382685 1.8817056 2.0437432 1.9753365 1.9071401 1.9594548 2.0707628 1.8055492 2.0887841 1.8395283 1.6505571 1.5542404 2.0412423 1.6982496 1.8202111 1.6981735 1.8148849 1.8528666 1.8025623 2.0489709 2.0135348 1.8975077 2.1694850 2.1768243 2.4994582 2.3606490 2.3693651 2.3016676 2.2452274 2.2667547 2.1813421 2.3791247 2.3102042 2.1798422 2.3943013 2.1687529 2.1010925 2.3191302 2.1591988 2.3364779 2.4148209 2.3017637 2.3455955 2.2815056 2.1754604 2.4376785 2.3852228 2.2941791 2.1043005 2.3025226 2.2128786 2.2993672 2.3867057 2.1001418 1.9599760 2.1049614 2.0629072 2.1589909 2.1940056 2.2360213 2.1321007 2.1793314 2.0564776 2.5928470 2.1512470 2.1237207 2.0911623 2.1565795 2.2529614 2.0676219 2.3017088 2.9308795 3.4211190 3.1627537 3.4581360 3.0569607 3.3715821 3.3307419 2.2977025 2.3166755 2.2941356 2.2879466 2.2882311 3.2522592 2.7248983 2.7491477 2.7608163 
opossum_V2R90                                            0.8733200 0.5498867 2.4685361 1.3258631 1.3210025 0.5519952 0.2971320 0.5301742 0.5502529 1.7579921 0.8833136 0.6695507 2.1987340 1.2597824 0.0000000 2.3785503 2.0603520 1.9379147 2.1053941 2.0440898 2.1470573 2.1511735 2.0328833 1.8063968 1.8488358 1.7669624 1.7194284 1.9196023 1.9957445 1.9873191 2.1687111 2.1640217 1.9988420 2.2161812 2.3436465 2.1875812 2.2095383 2.1812193 2.1816111 2.0854413 2.2195273 1.9959902 2.0659647 2.1407333 2.1463657 1.8901836 1.9956621 2.1389753 2.3012011 2.1119353 1.9964249 2.2076528 2.1645891 1.9495856 2.4314864 2.2128868 2.3279626 2.5133813 2.1587928 2.1174212 1.9948680 2.1041474 1.9801455 1.9256864 2.0100506 2.1474865 1.9548038 2.0404237 2.2017158 2.1272524 1.9326032 2.1288469 2.0872732 1.7331163 1.5987635 2.0033782 1.8158388 1.7070406 1.7281366 1.7370816 2.1118020 1.9119754 1.9646475 2.0890389 2.2235623 2.2617052 2.3432012 2.3790838 2.4255827 2.3639304 2.5140179 2.4586318 2.5493723 2.3653491 2.5179661 2.5477708 2.4071141 2.5600961 2.3197463 2.3765607 2.7170096 2.5109466 2.5496048 2.5374678 2.4502651 2.6049515 2.2433099 2.3487819 2.4564175 2.4665944 2.4092778 2.4215402 2.3776761 2.3201960 2.5396048 2.5381882 2.3952821 2.1609382 2.2302917 2.2215203 2.0963075 2.3583142 2.2960722 2.2690126 2.2025882 2.3711091 2.6737360 2.1700619 2.2486838 2.1484301 2.3819231 2.4109864 2.2642792 2.5200569 3.2115044 3.5160791 3.5541025 3.6159294 3.2934196 3.6070427 3.6683620 2.3644469 2.4098292 2.3725735 2.4039859 2.3338236 3.4760519 2.7902105 2.7519558 2.8127204 
frog_V2R1                                                2.2946744 2.1686683 0.6559631 2.2454961 2.3408056 2.4263252 2.2596571 2.1202262 2.1273661 1.9396763 2.0636881 2.1362385 2.0561513 2.2502996 2.3785503 0.0000000 2.4566034 2.1593599 2.4674189 2.4807620 2.4776773 2.2891354 1.7374744 1.8363117 1.9403225 1.8738037 1.8276946 2.0692057 2.5805107 2.4833157 2.4987882 2.6871956 2.1361170 2.3700656 2.6358858 2.3650424 2.4942502 2.4830347 2.4666716 2.0557761 1.7258533 2.4114664 1.6693874 1.7233225 1.7194374 1.5933500 1.5609950 1.7409124 2.6555867 2.2000419 2.1756794 2.5549851 2.4721927 1.6567423 2.7068889 2.3821179 2.4604098 3.0203690 2.5321891 2.4278769 1.6331313 2.5698494 1.4530166 2.2312360 2.3176511 2.4760408 2.3386288 2.1453290 2.5041879 2.3965439 2.1772372 2.4283995 2.2955962 1.8715675 1.8220890 2.3942283 1.5093984 2.1247353 2.0413211 2.0887081 2.2767985 2.1538837 2.4309924 2.4792566 2.3973984 1.5009520 1.4404918 1.5896910 1.5245925 1.5711043 1.5789118 1.4657651 1.4976162 1.5148756 1.4976613 1.6200184 1.4407572 1.5728052 1.6303112 1.4906639 1.7233000 1.5746149 1.6006556 1.6962039 1.5665535 1.6307187 1.5202765 1.5606479 1.5989592 1.5635810 1.5059430 1.5077725 1.5989115 1.7273789 1.6261218 1.7718615 0.7509571 1.2580230 1.1975260 1.4094862 1.4307187 1.5319119 1.4511111 1.4011245 1.4572751 1.3135103 1.5482086 1.5119325 1.2784563 1.2748797 1.4391950 1.4789787 1.4838192 1.4828157 2.6027978 2.8058963 2.8694730 2.7987634 2.5305796 2.6992533 2.9160363 1.3753830 1.3747016 1.3695400 1.3831313 1.3662058 2.6788180 1.8665879 1.7906988 1.9006745 
frog_V2R100                                              1.9566247 1.8099375 2.7623452 2.0797598 1.9898760 1.9833352 2.1507301 1.9015939 1.8962898 2.2522333 1.7987261 1.8936157 2.0255135 2.0277084 2.0603520 2.4566034 0.0000000 1.9137904 0.8218474 0.8201447 0.8208941 1.9922949 1.9969183 1.8190111 1.8971547 1.7005457 1.7712653 1.7857717 0.9374723 0.9509740 0.8224069 0.9345625 1.8202407 0.8200475 0.8455925 1.4370243 1.4762617 1.2482877 0.8304381 1.7727180 2.0620724 0.8616695 2.0181716 1.9780274 2.1191050 1.9297016 2.0849353 1.9556102 0.9764717 1.7254115 1.6428226 1.4207338 0.9342003 1.8921122 0.8907944 1.3436056 0.9416356 1.0359134 1.3911380 0.8492048 1.8894811 0.8554106 1.8768354 1.8013087 1.9858003 0.8335508 0.6397840 1.9622094 1.2708476 0.8261684 1.7229155 0.9703404 1.3333327 1.7292262 1.6981733 0.8343600 1.8917418 1.7372421 1.9109288 2.0197815 1.9846253 1.7795725 2.0569461 2.1167859 1.4207848 2.1482919 2.2316566 2.0517637 2.2834786 2.1397328 2.1095904 2.0880591 2.0978514 2.0797693 2.3321837 2.3882774 2.2488887 2.2037236 2.2155740 2.2259986 2.2942138 2.4313005 2.2661746 2.3759403 2.4288662 2.2393506 2.2639730 2.2209444 2.2431560 2.1933659 2.0982942 2.2441758 2.2134205 2.1036840 2.3520188 2.2046183 2.3675486 2.1058884 2.2432187 2.2660510 2.2061353 2.2725707 2.1849372 2.1468079 2.0727067 2.1180791 2.6605149 2.1098548 2.2718970 2.1665778 2.2062761 2.2708546 2.1373274 2.4237962 3.4087670 3.1575731 3.2752401 3.5212328 3.0151461 3.3065153 3.6870036 2.3733446 2.3980412 2.3972264 2.3963747 2.3889270 3.3569659 2.6077699 2.7682454 2.7002941 
frog_V2R109                                              1.7519709 1.7780241 2.1222964 1.9209699 1.9118747 1.9000968 1.9485719 1.8045425 1.8440709 1.8479211 1.7254002 1.7944702 1.8486387 1.8743477 1.9379147 2.1593599 1.9137904 0.0000000 1.8886424 1.8506901 1.8612690 1.5867209 1.6786988 1.1858254 1.2245973 1.5007377 1.6503463 1.4309778 1.8567623 1.8334976 1.8181430 2.0632607 1.3211758 1.7854035 1.8227298 1.7726943 1.7782595 1.7748302 1.8240003 1.3790691 1.9032833 1.7887260 1.9150942 1.8353581 1.8714469 1.7744678 1.8893924 1.9124381 1.9020907 1.4628062 1.4176819 1.8141481 1.9693726 1.7146712 2.0212883 1.7300472 1.9238277 2.2702917 1.8024555 1.7751290 1.6275346 1.8259357 1.7744399 1.4542390 1.4527160 1.8288910 1.6433582 1.4951055 1.8673921 1.7832210 1.4617723 1.7712935 1.6641308 1.6392810 1.5120791 1.7848577 1.6550964 0.9984359 0.9881986 1.6961291 1.3998576 1.3427208 1.5311880 1.6778613 1.8766011 1.9578985 1.9413918 1.9079048 2.0444998 2.0801490 1.9575624 1.8911953 1.9353368 1.9248377 2.0485348 2.2544095 1.9018173 2.0250130 2.0121488 1.9754167 2.1855004 2.0107581 2.1224502 2.0415180 2.0363609 2.3176925 2.0339079 1.9511849 2.0990138 2.0090341 2.0032265 1.9946838 1.9131712 1.9657954 2.0079556 2.0135791 2.1395712 1.9055901 2.0167919 1.8979608 1.9514567 2.0879350 2.0117369 1.9363877 1.9471545 1.9431510 2.2693028 1.9523303 1.8960942 1.9683773 1.9795974 2.0017778 1.8908855 2.0904783 2.9410928 2.9744546 2.9071946 3.4664908 2.7762404 3.1552689 3.2441663 2.0007452 2.0192226 2.0300706 2.0094564 1.9926249 3.1477782 2.4581975 2.6377684 2.5039566 
frog_V2R121                                              2.0397909 1.8736430 2.5245199 2.0956982 2.0665925 2.0372808 2.2387140 1.9405797 1.9180901 2.2089581 1.9500738 1.9545075 1.9599832 2.0366954 2.1053941 2.4674189 0.8218474 1.8886424 0.0000000 0.4560330 0.7626001 2.0152484 1.9498793 1.8026214 1.8737618 1.7195592 1.8026135 1.7110940 0.6010716 0.7320921 0.6627894 0.8273115 1.7801946 0.6979940 0.7520556 1.3410690 1.4900132 1.2395303 0.7429031 1.8392710 2.0166065 0.5552080 1.9981813 1.9500728 2.0633892 1.9763336 2.0359044 1.9624612 0.8851355 1.8482496 1.7963769 1.3480334 0.8132281 1.9347370 0.8048078 1.3557536 0.8597372 0.9476191 1.3302180 0.8554384 1.9630078 0.7059162 1.8086423 1.8481622 1.9081290 0.5537962 0.6751877 1.8638759 1.1923256 0.5991278 1.7565768 0.8347691 1.2755588 1.6738771 1.7215583 0.5003703 1.9202422 1.7303799 1.8486006 2.0550678 1.9820998 1.7813728 2.0218042 2.0163805 1.4322995 2.2160709 2.3083807 2.2630591 2.2702197 2.1779028 2.1997084 2.0902622 2.0485134 2.2343398 2.1966711 2.3618536 2.3119101 2.2702550 2.1552825 2.2779017 2.3772436 2.4125135 2.1498124 2.3344817 2.4314793 2.2261360 2.1706426 2.2579075 2.3299674 2.2988919 2.2616017 2.2385473 2.2073271 2.1095104 2.4185460 2.2853564 2.2737811 2.0231798 2.1050598 2.2167707 2.1985823 2.2561012 2.2328195 2.0620642 2.1554739 2.1333180 2.6594338 2.1284910 2.0860541 2.0681692 2.2380027 2.1062364 2.0617144 2.4396409 2.9916312 3.0384201 3.1265404 3.2130611 2.9722005 3.3391335 3.2757793 2.4036632 2.4249592 2.4334463 2.4506066 2.4053176 3.1964371 2.7144178 2.7255065 2.7855256 
frog_V2R122                                              2.1530715 1.8826815 2.6707235 2.1018328 2.0992479 2.0692650 2.0699413 1.8795381 1.8604740 2.1888789 1.9410874 1.9524085 2.1067539 2.0945562 2.0440898 2.4807620 0.8201447 1.8506901 0.4560330 0.0000000 0.7740749 2.0296406 1.9988663 1.7766997 1.9671475 1.7093938 1.9025280 1.7671194 0.6836933 0.7593718 0.6565979 0.7961129 1.8275142 0.6779385 0.7215485 1.3944291 1.4783623 1.1833512 0.7676066 1.9450756 2.1543386 0.5912662 2.0872400 2.0259373 2.0484785 1.9584240 2.1107311 2.0325417 0.8933727 1.9478998 1.8075135 1.3314376 0.8141540 1.9972940 0.7823439 1.2716730 0.8794857 0.9293588 1.3832754 0.8190578 2.0501988 0.6686414 1.7740216 1.9275491 1.8614361 0.6095935 0.6432005 1.9508447 1.1772703 0.6461612 1.7433975 0.8445409 1.2841036 1.7851997 1.7296747 0.5508912 1.9341044 1.7997218 1.7546318 2.0713028 1.9604857 1.6841623 1.9712181 1.9745812 1.4066215 2.3223231 2.3371467 2.3736462 2.2736616 2.2834364 2.1679884 2.2040631 2.1816662 2.2815940 2.2895047 2.5117293 2.4277910 2.3119281 2.3586571 2.2680919 2.4200997 2.4558150 2.3297173 2.5259780 2.5580666 2.3700544 2.3432325 2.2420269 2.3997346 2.2621241 2.2642124 2.3959620 2.2502853 2.1625930 2.4811229 2.3022809 2.4075489 2.1151327 2.2211130 2.2553238 2.2714674 2.3258767 2.3258294 2.1569989 2.1927216 2.2395816 2.7968929 2.1811800 2.2204641 2.0808251 2.2861640 2.2325629 2.1874022 2.6020982 3.3298683 3.2194334 3.3080042 3.5016520 3.1560588 3.4558250 3.6062192 2.5366319 2.5415926 2.5508759 2.5581496 2.5120914 3.4512087 2.7335076 2.8220142 2.7760420 
frog_V2R126                                              2.0232133 1.9038537 2.6892159 2.0215439 1.9961216 2.0961741 2.1957543 1.9505243 1.9709925 2.2790197 1.8537740 1.9098125 2.0748696 1.9143412 2.1470573 2.4776773 0.8208941 1.8612690 0.7626001 0.7740749 0.0000000 1.9560245 1.9576817 1.6752250 1.8736715 1.6450737 1.6391810 1.7462268 0.8330530 0.8291228 0.7602073 0.7936686 1.8441352 0.7068792 0.7468481 1.3894188 1.5223982 1.2355813 0.5125522 1.8273001 2.0315292 0.7313381 2.0593486 1.9773228 1.9962688 1.8973344 2.0769526 2.0129495 0.9871163 1.8003264 1.7058650 1.3950195 0.7952370 1.8994650 0.7974702 1.3593543 0.4915818 1.0347209 1.4750603 0.5845131 2.0085766 0.8835661 1.9229281 1.8274401 2.0610676 0.8106587 0.7105005 1.9593666 1.2313127 0.8243913 1.7242484 0.9467951 1.3143824 1.5676539 1.5739488 0.7374588 1.8173009 1.7493540 1.8451674 1.9030073 2.0522984 1.7336486 2.2021809 2.1425732 1.4503780 2.1874020 2.1763616 2.2060625 2.3040091 2.0967418 2.1826205 2.1045065 2.1363034 2.1235363 2.2873382 2.4294013 2.2786675 2.1763319 2.2985136 2.1532435 2.3706181 2.4080973 2.1399792 2.5104287 2.3947900 2.3379336 2.2264794 2.2328092 2.2407495 2.2038000 2.1195702 2.2806144 2.1908933 2.1462526 2.4234358 2.3379829 2.4105348 2.2054220 2.2519752 2.2572995 2.2650831 2.3200106 2.3523047 2.1098266 2.0835021 2.2286811 2.6066938 2.1464722 2.2338269 2.1996178 2.3003780 2.3084774 2.2345360 2.5954692 3.2720302 3.3117111 3.2650607 3.4474082 3.0302146 3.3962340 3.3552679 2.4683919 2.4869172 2.4772265 2.4750005 2.4561509 3.3677873 2.8391009 2.9382138 2.8662280 
frog_V2R13                                               2.0453525 1.8599199 2.4360571 2.0231653 1.9949376 2.0497922 2.1560188 1.9414752 1.9061533 2.0114200 1.8562104 1.8892310 2.0411008 2.0069273 2.1511735 2.2891354 1.9922949 1.5867209 2.0152484 2.0296406 1.9560245 0.0000000 2.0599140 1.5145275 1.7867241 1.7771866 1.7614604 0.9160072 2.0925285 2.0645022 2.1323602 2.3521398 1.5557544 2.1565956 2.1944266 1.9340069 2.0967822 2.0748204 2.0721554 0.6826345 1.9133399 2.0376998 1.8583191 1.8180263 1.9977044 1.8949172 2.0369921 1.8885508 2.1412128 0.6957100 0.6974236 1.9076182 2.2696748 1.8564543 2.2083251 1.9883541 2.1002277 2.5383307 1.9784495 1.9442958 1.8815799 2.0849323 1.7975304 0.6575061 1.8525455 1.9945210 1.9050645 0.8302275 2.0713477 2.1615775 1.0366725 2.1448033 2.0159995 1.7438474 1.7639368 1.9731219 1.7536588 1.6406649 1.6812036 1.8971473 1.7293539 1.7434443 1.7921225 2.0114314 2.1489764 2.1074525 2.0758531 2.3700216 2.1709757 2.1305011 2.1655203 2.0675691 1.9935280 2.0656174 2.1120719 2.4676652 2.0990901 2.2442925 2.1928855 2.0287946 2.2426280 2.0393464 2.2112228 2.4524133 2.2403443 2.4316549 2.1243857 2.1132263 2.1533880 2.0836839 2.2461152 2.0686543 2.1844429 2.1025364 1.9507324 2.1858726 2.2467499 2.0499602 2.0088971 2.0222035 2.1153624 2.1231324 2.1429064 2.0033522 2.0514667 2.1142992 2.3711453 2.2275440 1.9912755 2.1119746 2.1221948 2.2186226 2.1027540 2.2850657 3.1753781 3.4028083 3.3246852 3.1794950 3.1043466 3.2580455 3.2212895 2.2285207 2.2272160 2.2412598 2.2284423 2.2299392 3.3139446 2.6251038 2.7551305 2.6059159 
frog_V2R130                                              2.0010750 1.8951563 1.7908320 2.0174539 2.0473923 2.0097578 2.0657461 1.8993385 1.9185926 1.6901922 1.8443842 1.9072096 1.8473461 1.9378929 2.0328833 1.7374744 1.9969183 1.6786988 1.9498793 1.9988663 1.9576817 2.0599140 0.0000000 1.5294299 1.7537436 1.5356147 1.6576628 1.6589101 1.9359774 1.9915256 1.9444072 2.3031902 1.7761485 1.9410321 2.0633982 1.9324711 1.9885152 1.8289427 2.0422584 1.7905246 1.5705329 1.9490325 1.5776519 1.5321528 1.6165887 1.5876349 1.5577552 1.5718514 2.0025278 1.8642782 1.9426496 1.9380042 2.0277373 1.4478642 2.2245088 1.8654825 2.0676125 2.2614909 2.0312231 1.9462868 1.3783619 2.0401513 1.3895757 1.9018581 1.9309865 1.9183274 1.8370879 1.7743212 2.0248057 1.9504709 1.7872903 1.9480376 1.8507768 1.6617408 1.5440212 1.8126426 1.2313136 1.7058349 1.6799269 1.7342633 1.7980510 1.7356966 2.0034841 2.2143926 2.0094239 1.7321148 1.6633506 1.7842516 1.7458422 1.7984097 1.7191683 1.7391865 1.6569773 1.6547770 1.7623477 1.8721325 1.6072083 1.7825545 1.7435606 1.7426090 1.9656034 1.8029490 1.8968620 1.8559352 1.6539940 1.9476754 1.6932846 1.7908464 1.8466899 1.7549618 1.7678911 1.6817096 1.7581352 1.7495819 1.8495990 1.8916660 1.6807051 1.5239275 1.4986289 1.6711900 1.5504956 1.6353033 1.6456815 1.6173603 1.6677331 1.4476568 1.9506859 1.6786481 1.5205348 1.4407305 1.6523022 1.6451616 1.6122203 1.8765896 2.4372294 2.8738956 2.8175220 3.1962303 2.6274212 2.7471072 3.1627066 1.7535295 1.7511599 1.7354294 1.7477797 1.7266038 2.7824451 2.0022156 2.1367532 2.0407092 
frog_V2R133                                              1.6873546 1.6377873 1.8819412 1.7638761 1.7264502 1.7482158 1.7451205 1.5816527 1.5936909 1.7486892 1.4422505 1.5295429 1.6996480 1.7135618 1.8063968 1.8363117 1.8190111 1.1858254 1.8026214 1.7766997 1.6752250 1.5145275 1.5294299 0.0000000 0.5272829 1.4480922 1.4727189 1.3885774 1.7489529 1.7213443 1.7981563 2.0858921 1.3164244 1.7638033 1.8363035 1.6546934 1.7313554 1.7308111 1.7677557 1.3453963 1.6613066 1.6768695 1.6464395 1.5989262 1.6229196 1.5435698 1.6037344 1.6672664 1.8571753 1.4110204 1.4072764 1.7018700 1.9149826 1.4810487 1.9241514 1.6270279 1.7365094 2.1607016 1.6616849 1.7307849 1.5315302 1.7994693 1.5464407 1.4279948 1.4579896 1.7504984 1.6396013 1.3928616 1.8151332 1.8000566 1.3505953 1.7721834 1.6750945 1.4590059 1.3686194 1.6719240 1.4013793 1.2101174 1.2695792 1.6231938 1.3701492 1.3975638 1.5197367 1.6051563 1.7292505 1.7247151 1.7766657 1.8374948 1.8658077 1.9361559 1.8480975 1.6475318 1.7567831 1.8297589 1.8287356 1.9248675 1.7422805 1.8455023 1.7676129 1.8509403 1.8312957 1.8273699 1.8795127 1.8322329 1.7880014 1.7928931 1.7950870 1.8847517 1.9213302 1.6744273 1.7610111 1.7943280 1.8568612 1.9280951 1.8078923 1.7996286 1.7425469 1.6986469 1.8244006 1.7366943 1.6782473 1.7576674 1.7348505 1.7537729 1.7150300 1.6828995 1.9073581 1.8209329 1.6925705 1.6650353 1.8263262 1.8199736 1.7071786 2.0154000 2.5839191 3.0615462 2.9539821 3.0094304 2.6979446 3.1363901 3.0461149 1.9052711 1.9142791 1.9089431 1.9255529 1.8968326 2.9577459 2.3317780 2.3947923 2.3353487 
frog_V2R134                                              1.7392870 1.6586745 1.9655371 1.8551008 1.9141728 1.8016514 1.8156827 1.6797163 1.7031022 1.8335847 1.5723139 1.7423222 1.7825221 1.8924667 1.8488358 1.9403225 1.8971547 1.2245973 1.8737618 1.9671475 1.8736715 1.7867241 1.7537436 0.5272829 0.0000000 1.5897787 1.6048775 1.6435640 1.8668629 1.7249132 1.8355392 2.0524223 1.4035388 1.8218990 1.8390636 1.8568824 1.9865977 1.9934420 1.8476005 1.5017736 1.7116545 1.7212280 1.6707969 1.6620849 1.7945570 1.7617538 1.6851630 1.6960625 2.0558331 1.6089846 1.6160792 1.9058236 1.9572143 1.5976042 2.0665434 1.8302214 1.9829951 2.3357496 1.8289198 1.9487088 1.6279136 1.9247401 1.6769414 1.5830884 1.6228584 1.8542524 1.7464364 1.5928979 2.0027310 1.8802069 1.5236433 1.9475260 1.8374162 1.6709462 1.5627642 1.7838102 1.4837363 1.3273597 1.4014158 1.7525856 1.5737359 1.4939854 1.6463813 1.7400465 1.9175041 1.8496241 1.8456687 1.9653971 1.9958084 1.9655777 1.9362962 1.8511718 1.9310706 1.9428416 1.9587516 2.0304139 1.8984570 1.9832448 1.7366325 1.9560945 1.9331518 1.9637950 2.0251744 1.8775107 1.9311253 1.9096366 1.9012311 1.9630269 2.0896327 1.8711367 1.9199855 1.8628015 1.9753172 2.0225076 1.9502568 1.9225101 1.9331447 1.7647394 1.9305864 1.7604534 1.7983064 1.8415733 1.9539455 1.8320722 1.8647920 1.7548156 2.1319970 1.8194048 1.8465999 1.7975522 1.9613083 1.8748819 1.8709794 2.0297748 2.8134626 2.9804237 2.9201632 3.0643933 2.6662841 3.3421066 3.0952989 1.9238124 1.9123069 1.9318825 1.9351999 1.9215982 3.1315937 2.2297775 2.4069251 2.2182448 
