99
Atractosteus_spatula_Complete_JAAWVO010038486.1_983267_984334-ORA5 0.0000000 3.3123774 3.7290402 3.9556278 3.0934238 2.6095351 1.0707220 2.3971226 3.1365513 3.1936887 3.3946237 3.3163448 3.1697199 0.8657905 2.7581793 1.1650915 2.6820848 3.3531170 3.1558606 3.2373649 3.4362631 3.0493810 1.0089821 2.5871707 3.2073181 2.9288316 3.0355452 3.1241026 2.8758874 3.1497988 4.1254879 4.5414008 5.3493093 5.6645055 3.9792135 4.3531817 4.4245692 4.1477911 3.3724903 3.8032529 3.8738004 4.4271491 3.9570338 4.5424562 4.6901055 4.0746087 4.0573777 4.6318592 4.7951955 4.6177675 3.3962288 4.0658213 4.2959456 4.3525055 4.5268559 3.9347221 4.5397657 3.8290231 4.4560008 4.2602134 4.0970513 4.6667558 4.4784296 3.6887944 3.7672332 4.5412412 4.4855919 4.2590339 3.6329822 4.0436687 4.1692531 3.6290451 3.8479747 4.2325046 4.1401938 3.8310685 4.2046612 4.3698663 3.7343662 3.8297521 4.4090466 3.8831848 4.3518197 4.0870987 4.3159262 6.1962871 6.7038366 4.5320860 4.4255299 4.6786264 4.3241588 5.3262828 5.2323184 4.6531078 4.6309874 4.6309874 4.7762560 3.9188769 3.7465385 
Atractosteus_spatula_Complete_JAAWVO010062913.1_217861_218817-ORA2 3.3123774 0.0000000 1.4285083 1.2047134 2.8918507 4.9004051 3.4462231 4.7269495 0.8192643 3.1585671 3.1011966 0.7021648 3.0557254 3.4201183 5.2956832 3.6161335 5.5066148 0.9009854 3.5708344 2.9597116 1.4125869 3.0440876 3.7343070 5.1146197 2.6181106 2.8089222 1.3999813 0.8001065 2.8306110 2.8177439 2.8754728 3.0274796 2.7784516 3.1060201 1.8578076 1.8526146 1.8215086 2.1577832 1.7735693 1.8332254 2.2614292 1.7601885 1.6960770 1.9516065 2.7997473 3.0415752 2.6940343 2.9587403 3.1323255 3.0071198 2.5609384 2.7103921 3.0314828 2.8268451 2.8994422 2.5745615 2.7172332 2.6847714 2.8934575 2.8799679 2.8748567 3.2102490 2.8785837 2.3961412 2.9162784 2.9703034 2.7531992 2.8667536 2.9201193 2.8789614 2.7099740 2.6659792 2.7206702 2.7551895 2.5589425 2.6709703 2.8601399 2.8482730 2.6409749 3.0593864 2.7804145 2.8202414 3.0984232 2.7780798 2.6301702 5.3108471 4.9649117 4.6680380 4.6826173 4.5272755 4.3594454 5.1403189 5.3578748 4.1743723 4.4672880 4.4672880 4.4108187 4.9153080 4.2149552 
Atractosteus_spatula_Complete_JAAWVO010062913.1_231213_232229-ORA8 3.7290402 1.4285083 0.0000000 1.2745020 3.9938087 4.8259824 3.6838861 4.5621709 1.4701066 3.7826938 4.0610882 1.4955178 4.1336865 3.8923087 5.6476786 3.9169730 5.8726548 1.6690875 4.0087095 4.6223621 1.3945834 3.9156662 3.8569602 5.5379479 3.3571611 3.7171687 1.2652840 1.3453029 3.5167716 3.4278385 2.8852763 2.8278445 2.4649615 2.9963652 1.5050695 1.5083057 1.5435182 1.4710203 1.4612719 1.4804971 2.1308656 1.1370625 1.1861708 1.3480154 2.8570872 3.1755634 2.6210913 3.0633964 2.9800659 3.0155303 2.4889535 2.7463363 3.1504388 2.9543858 2.6503518 2.5985944 2.3931978 2.7026332 2.7376642 2.8873487 2.4661182 3.0619402 2.7183780 2.3855663 2.7638661 2.6749967 2.9567802 3.2117043 2.6293254 3.1581262 2.8015585 2.5675373 2.8217688 2.5447366 2.4355847 2.7231441 2.9202748 2.8636085 2.4069259 2.8862351 3.1244798 2.5442338 3.1503288 2.8850252 2.7244011 5.1124011 4.6083913 5.1247948 5.0182131 4.7184278 5.4448424 5.6517392 6.0156742 4.5059946 5.1402914 5.1402914 4.1666829 4.9573660 4.7145856 
Atractosteus_spatula_Complete_JAAWVO010062913.1_274822_275769-ORA7 3.9556278 1.2047134 1.2745020 0.0000000 3.2945123 5.1665689 3.6892235 4.9844859 1.4561769 3.2095417 4.0443230 1.2558117 3.6633512 4.1016489 6.3482582 3.9434578 5.9323309 1.4865003 3.6534055 3.6202789 1.2654996 3.8569536 4.3105779 6.2858093 3.1138997 3.6874402 1.2573661 1.1359098 3.5105412 3.0929301 2.5384916 2.7729238 2.8353387 3.0925755 1.8044628 1.5204575 1.5514707 1.8431357 1.6563407 1.8241753 2.1244784 1.5398433 1.4571588 1.6223286 3.1322933 2.9522276 2.4807829 2.9341638 2.9710485 2.6816235 2.1534079 2.5122068 2.8672510 2.9566560 2.8592289 2.6472361 2.5493057 2.6800361 2.6108546 2.5982570 2.3476620 2.6978963 2.6843824 2.4497212 2.4918823 2.6254189 2.7019850 2.5605597 2.6637901 2.7664512 2.6779641 2.3828178 2.3800034 2.4545104 2.6492212 2.5761294 2.5595551 2.6170592 2.4210163 3.0554151 2.5265348 2.5891973 3.0013858 2.7330275 2.2001965 4.7572983 4.5181633 4.6994341 5.4113489 4.9977455 5.0861413 4.6706362 4.9653543 4.9075166 5.3825055 5.3825055 5.2473540 5.6868456 4.8345615 
Atractosteus_spatula_Complete_JAAWVO010072201.1_151548_154837-ORA3 3.0934238 2.8918507 3.9938087 3.2945123 0.0000000 4.5592743 3.8451487 4.4145176 3.2911807 1.2166953 0.9013683 3.1974424 0.8514498 3.3372816 5.0128581 3.3438451 5.0761642 3.2787807 1.4349469 0.8709416 3.3142092 0.7382931 3.6038471 4.7490995 1.3991332 1.4366029 3.5346274 2.6893652 1.5353719 1.4051006 4.5273340 4.2289969 4.2372926 4.6846957 4.3545031 3.8108440 3.7999928 4.1526542 3.7700840 3.8140971 4.4844754 4.4321835 3.7543812 3.9229403 4.1297346 4.8154628 4.1036708 3.5694823 4.3582743 4.5708366 4.1398765 3.9592696 4.0182812 5.0242003 4.9638625 3.9649621 4.8463718 4.4341391 4.4078137 4.2197813 4.0659492 4.0578898 4.4269385 3.8305157 4.1450495 4.4464435 4.5357589 4.5750098 4.1997828 4.3090880 4.0191590 4.3044621 4.2806878 4.1038515 4.4674861 4.9037590 4.3139750 3.8498817 4.2916852 4.1323246 4.5762445 4.0538636 3.5814600 4.3196821 4.0412395 6.1699625 5.9879443 4.7624560 4.9237351 4.2852949 4.4730602 5.1623273 5.1443981 4.4464157 4.4043748 4.4043748 5.0798047 5.1736163 5.0310268 
Atractosteus_spatula_Complete_JAAWVO010079372.1_294790_295758-ORA6 2.6095351 4.9004051 4.8259824 5.1665689 4.5592743 0.0000000 2.7899401 1.4521773 4.8751351 4.5045130 4.3728605 5.2723655 3.6065343 2.6164258 1.4155430 2.8020028 1.5300377 4.9957417 4.6305764 4.0279970 4.4083086 4.0406217 2.8085224 1.3313050 4.7205752 4.3837829 4.3113333 4.3452136 4.7449506 4.5554425 4.3213197 6.2638413 6.3208784 7.0258277 5.2251361 5.6519043 5.1068736 5.6182244 4.8592176 5.2195492 5.6249062 6.2217566 4.7640368 5.2872123 5.4669015 4.7939872 5.4339024 5.6094696 5.1749036 5.3951289 4.2471675 6.0014440 5.5365473 5.5283014 4.6016995 5.2112401 4.6650756 4.9063053 4.4553584 4.8826456 5.2690141 5.7292475 5.0300212 5.0916835 4.7821237 5.0628047 5.5250676 5.3671420 4.9952049 5.6072098 5.6964550 5.1964165 5.1335790 4.9705281 4.9599824 4.7498733 4.8715382 5.1425428 4.6725982 5.1004746 5.3295107 5.3354416 5.1401446 4.3775656 4.7800443 7.6789194 6.9500909 6.2492634 6.5827452 6.1094823 5.9251313 7.8775181 6.4091151 6.9982717 7.2401723 7.2401723 7.1736148 5.3138853 5.0628601 
Danio_rerio_Complete_CM002894.2_1590605_1591501-ORA5               1.0707220 3.4462231 3.6838861 3.6892235 3.8451487 2.7899401 0.0000000 2.6643505 3.4219232 4.2023013 4.0173240 3.3205308 4.0936550 0.8271104 3.3320347 0.9041603 3.2300755 3.4443185 3.9784385 4.2116819 3.8498082 4.1653713 0.9814029 2.9341183 4.2164629 3.4025350 3.6630515 3.3566628 3.4836842 3.9075631 5.0809502 4.8216154 5.6513960 6.8781217 4.5189260 4.6238986 4.5596986 4.9167738 3.8959707 4.7690795 4.1656154 4.3653765 4.2798362 5.1230185 5.7754064 5.0261272 5.1761759 5.6955527 5.4031990 5.4310500 3.8147234 5.0268020 5.4897385 5.1364280 5.0720877 4.9306958 4.5815642 4.0921582 4.7393682 4.6123866 4.3002388 4.2769612 4.6568609 3.8822831 3.7740857 4.4969753 4.9324561 4.6642244 4.4171557 4.6367326 4.2199654 4.1064962 4.4921023 4.5627892 4.3957913 4.2093234 5.0817820 4.6937781 4.2840693 4.1696984 5.1016421 4.5608323 5.7266977 4.5063438 4.2528335 6.2575629 6.2400189 4.9262337 5.5217711 5.7696554 5.1907333 5.5729982 5.4539240 5.6153974 5.8826080 5.8826080 6.2977789 3.9706215 3.7917473 
Danio_rerio_Complete_CM002904.2_54658812_54659813-ORA6             2.3971226 4.7269495 4.5621709 4.9844859 4.4145176 1.4521773 2.6643505 0.0000000 4.0965533 4.4634878 4.6572219 4.6150243 4.5130029 2.6466896 1.3080768 3.0289549 1.3865552 4.7403935 4.4949399 4.6727742 4.9954451 4.9724263 3.0236362 1.1953691 4.5694549 4.8213475 4.3550602 4.7901480 4.3539553 4.8818175 5.0907103 5.1607312 5.7304381 7.6257162 5.1960090 5.6084590 5.7890187 6.1572665 5.5780825 4.7286908 5.2086988 6.1957611 5.2033159 5.5509370 5.5367928 5.2052235 5.1360756 5.5640086 5.4060911 5.0386332 4.3335094 5.5794642 5.5820412 5.1460634 5.5668064 4.8298065 5.3197647 4.9921237 4.6027446 4.8964347 4.6004008 5.0107983 5.2237418 4.8546961 4.7020620 4.9830932 5.5322019 5.7414699 4.2239973 5.1551094 5.3934561 4.8521169 5.2929502 5.0676792 5.6232556 4.9010306 6.0803719 5.3807679 4.7717828 5.0986657 5.6179673 5.3951476 5.5438297 4.7058518 5.4797008 7.3038074 7.1473052 6.9079629 5.5098401 5.3940677 5.3945882 7.4980331 7.0267049 5.7779123 5.8451809 5.8451809 6.2545922 4.9413022 4.6460975 
Danio_rerio_Complete_CM002906.2_213651_214559-ORA2                 3.1365513 0.8192643 1.4701066 1.4561769 3.2911807 4.8751351 3.4219232 4.0965533 0.0000000 3.0423060 3.5808436 0.7407350 3.4022418 3.5496271 4.8243598 3.7537381 4.9373864 0.8313640 3.3126424 3.2518156 1.4778804 3.3717078 3.6705217 4.4329684 3.1821153 3.0962330 1.6328181 1.1199535 2.9842567 3.1277886 3.0036258 3.2769245 3.0363646 3.5501605 2.0542378 2.0685813 1.9671161 2.2068382 1.7971467 2.1933780 2.2338139 1.9584171 1.9560549 2.0035239 3.6640792 3.1710986 3.0593451 3.4947857 3.0756568 3.2836542 2.5233958 2.9893295 3.7280349 3.1435303 3.1127064 2.5529786 2.9370826 2.8881184 2.9066708 3.0686758 2.6058597 3.2870277 2.8988028 2.6862023 3.2183334 3.3190253 2.9332714 3.2648410 2.8380919 3.2474356 2.8690300 2.5161340 2.7822281 2.7128342 2.8010688 2.4737242 2.7443758 2.9266539 2.5769712 2.9611851 3.0971740 3.1655825 3.7079675 2.8289516 2.9995159 5.1074057 5.0877578 5.0148129 5.0194531 4.9953362 5.2580610 5.4166740 5.3659467 4.6460863 5.0236131 5.0236131 5.5360042 4.9960114 4.0035561 
Danio_rerio_Complete_CM002906.2_374479_378234-ORA4                 3.1936887 3.1585671 3.7826938 3.2095417 1.2166953 4.5045130 4.2023013 4.4634878 3.0423060 0.0000000 1.5789265 3.1526623 1.4939306 3.7089062 5.3321006 3.9020227 4.8433711 3.4757819 0.4297510 1.5632413 3.2758177 1.4560704 3.9378507 4.7607812 1.4692931 1.2602407 3.3126174 3.1150211 1.2703738 1.4298778 4.3674970 3.7958936 5.1054311 5.7334530 3.9705143 3.4301962 3.7511985 3.6915150 3.6395288 4.2660790 4.4557628 4.0265448 3.5325424 3.7759449 4.3664884 4.3889811 4.4571024 4.0916549 4.5338469 4.6215059 3.5985469 4.6063331 4.0600003 4.5370582 4.7463028 3.9585445 4.4700648 4.3900784 4.1383942 4.0066002 4.3566013 4.7951728 4.0921000 3.7277128 3.9715970 4.3179298 3.8952721 4.4296951 3.8588240 4.3009497 4.0868929 3.4661819 4.1289389 4.1886410 4.3553773 3.8647252 3.8956123 4.0482014 4.2174295 3.9445163 4.3496994 3.9408420 3.9149100 4.3394261 3.7935262 5.7410375 5.9285732 5.5213384 4.9741716 4.1744909 4.5592449 5.5360213 5.3872102 4.4014260 4.4218945 4.4536351 5.0234388 4.8442242 4.7449342 
Danio_rerio_Complete_CM002906.2_387076_392225-ORA3                 3.3946237 3.1011966 4.0610882 4.0443230 0.9013683 4.3728605 4.0173240 4.6572219 3.5808436 1.5789265 0.0000000 3.4150892 0.6257480 3.6417285 4.7676211 3.4583363 5.0930986 3.4087079 1.6413691 0.6773506 3.6326802 0.5791797 3.8432257 4.4632494 1.3935178 1.6382605 3.6192539 2.9228016 1.5846336 1.3563620 4.9079913 4.2836759 4.4542291 4.7759910 4.1828001 4.0327260 4.0388629 4.6025812 3.9320779 3.8779639 4.2617313 4.2255307 4.0454111 3.9114307 4.1707896 4.2197756 3.8387927 3.8876772 4.0194485 4.2492070 3.7568433 4.3957384 4.0639604 3.9691158 4.5791739 4.1604319 4.8252720 4.0449003 4.0147492 4.0594226 3.8442034 4.3101569 4.2162925 3.5150401 4.2168823 4.2635433 4.2423593 4.1743498 3.7636052 4.6140601 4.4253072 4.0841671 3.9612487 3.7460439 4.3567071 4.7806005 4.1886397 3.9658555 3.8915219 4.3594423 4.3845445 4.0296507 3.7267471 4.7986874 3.6719748 5.7459668 6.3374597 5.4165226 5.2474782 4.7376525 4.5266792 5.2820030 5.7718408 4.8365715 5.0107875 5.0107875 5.0689600 4.5709472 4.7132878 
Oreochromis_niloticus_Complete_NC_031970.2_10555639_10556601-ORA2  3.3163448 0.7021648 1.4955178 1.2558117 3.1974424 5.2723655 3.3205308 4.6150243 0.7407350 3.1526623 3.4150892 0.0000000 3.3321195 3.5096921 5.2055429 3.8809159 4.8624051 0.4267310 3.5988175 3.2100628 1.3697287 3.3371159 3.6122062 4.8584308 2.8745181 3.1826811 1.4437727 1.0004122 2.8807164 3.1836852 2.9499885 3.1509528 2.8435652 3.0948210 1.8820608 1.8717454 1.7926140 1.9217851 1.7658753 2.0252926 1.8879098 1.7658137 1.5982525 1.6636170 3.0382889 3.2213123 2.9079585 3.1882826 2.9451944 3.1578580 2.4470557 2.9512481 3.0968057 2.8573038 3.0765837 2.7223304 2.9552123 2.6650980 2.8415500 2.9282813 2.7718852 3.3500001 2.8072719 2.5742204 2.9187646 2.9588166 2.8935690 3.0198910 2.8761376 2.9650635 2.6482511 2.5964782 2.5612462 2.6197442 2.5660661 2.7144570 2.6403289 2.9892224 2.7259156 3.2170574 2.7526624 2.8139882 3.0867451 2.8140421 2.8689845 5.5142117 5.0378504 4.3397837 4.5207759 4.2843037 4.4216273 4.9605642 4.7154030 4.0842658 4.2432210 4.2432210 4.5890672 5.3999621 4.0910627 
Oreochromis_niloticus_Complete_NC_031970.2_21601680_21604895-ORA3  3.1697199 3.0557254 4.1336865 3.6633512 0.8514498 3.6065343 4.0936550 4.5130029 3.4022418 1.4939306 0.6257480 3.3321195 0.0000000 3.8460706 4.3781102 3.7316893 4.8898031 3.5303700 1.5292934 0.5215276 3.5714053 0.4266003 3.9683247 4.3772042 1.4272668 1.4605175 3.5902324 2.7293643 1.5157563 1.3948978 4.5195613 4.2025440 4.4184165 4.7592027 4.1779156 4.3103600 3.6801687 4.3815133 4.0428717 3.6732919 4.4029481 4.4983596 4.0236954 4.1071653 3.6677898 4.1816286 3.7419378 3.5159023 3.9330032 3.8167985 3.9546313 4.0038833 3.7250476 4.0614507 4.5777775 4.4262307 5.0604596 4.2736968 4.3654688 4.3916754 3.9880869 4.7553252 4.4971131 3.4728081 4.1934316 4.4219716 4.2965393 4.5984350 3.8621996 4.3149403 4.4303901 3.9922614 4.1054145 4.1461783 4.7075795 4.7456606 4.1197386 4.1394829 4.0919887 3.8489213 4.0862155 3.8705508 3.3851184 4.8728457 3.8554974 5.9539337 5.8854006 5.2086143 5.0592216 4.6721063 4.3927771 5.1880810 5.0935409 4.7515976 4.7122818 4.7122818 5.0799226 4.5431097 4.2085720 
Oreochromis_niloticus_Complete_NC_031972.2_21472229_21473350-ORA5  0.8657905 3.4201183 3.8923087 4.1016489 3.3372816 2.6164258 0.8271104 2.6466896 3.5496271 3.7089062 3.6417285 3.5096921 3.8460706 0.0000000 3.4689882 0.6432440 3.5257694 3.6417558 3.8472288 3.6329820 3.5615002 3.5341186 0.4542367 3.1917051 3.4729690 3.3970202 3.5033285 3.1239607 3.2507676 3.3510406 4.2862583 4.0012445 5.1841331 5.8256027 4.5022463 4.7246195 4.7286659 4.8121093 3.5813247 4.2488557 3.7438878 4.8103279 4.3347317 4.9285653 5.0613582 4.3341772 4.6032875 4.6290331 4.5829322 4.6100192 3.4217969 4.4436548 4.3591970 4.5641923 5.1108196 4.1433665 4.9306380 4.0726834 4.5486084 4.4030736 3.9896791 4.5340301 4.2870447 3.7368321 3.8748478 4.7426037 4.4635928 3.9915869 3.9493145 4.3608075 4.2754452 3.7051174 4.0725715 4.3056692 4.5110359 3.4585932 4.4038809 4.3821981 3.7744157 3.5781050 4.5307187 3.8920384 4.4856954 3.9003827 4.1056125 6.1308212 6.3823132 4.6825958 5.3940369 5.5645673 5.1464848 5.4351737 5.5214494 5.8345387 5.5734167 5.5734167 5.5540263 3.8916383 4.0590322 
Oreochromis_niloticus_Complete_NC_031980.2_4541818_4542780-ORA6    2.7581793 5.2956832 5.6476786 6.3482582 5.0128581 1.4155430 3.3320347 1.3080768 4.8243598 5.3321006 4.7676211 5.2055429 4.3781102 3.4689882 0.0000000 3.6092417 0.9067746 5.2362733 4.9690888 4.7367517 5.6685264 4.9363634 3.5001414 0.6557676 5.4069840 4.7592265 4.9479424 5.3323901 5.0425595 5.4412714 5.3504925 6.5682930 6.7838083 8.5153644 5.6058190 6.4492553 6.0343005 6.4867211 6.1193106 5.9483698 6.5381635 6.8676042 5.3332630 6.1274489 5.7831093 4.9834062 5.5690806 6.6882561 6.4794978 6.5042163 5.0298634 6.5772136 5.9410480 5.4460026 5.4716729 5.6096275 5.7208471 4.5313045 4.6996895 5.7513455 5.1816032 5.4931520 5.1407763 5.3593056 5.1313538 5.4389932 5.7849010 5.5824440 5.3700948 6.5742439 5.8099068 5.4543834 5.3333325 5.0637900 5.7062329 4.9801162 6.0004312 5.7060109 5.4073269 5.4845608 5.6280159 6.1162927 5.9769881 4.6733061 5.0054098 5.6268356 6.0657083 7.3529356 6.3592081 6.0487011 6.2945085 8.0619797 7.5510321 6.6217193 6.9617982 7.0179606 7.1821550 5.5460214 4.3148967 
Oryzias_latipes_Complete_12_12978761_12979837-ORA5                 1.1650915 3.6161335 3.9169730 3.9434578 3.3438451 2.8020028 0.9041603 3.0289549 3.7537381 3.9020227 3.4583363 3.8809159 3.7316893 0.6432440 3.6092417 0.0000000 3.2927808 4.1314394 3.7932200 3.7808350 3.8918870 3.3607725 0.8217113 3.2251949 3.7321393 3.6849739 3.6586554 3.3588846 3.3333229 3.4343402 4.6089683 4.5768732 5.9629645 6.3897879 4.8299282 4.5171910 4.7486550 4.6060640 3.9137762 4.1501682 4.4977699 4.8062779 4.1529497 4.8147478 5.1204264 4.7796628 5.0939779 4.9669266 5.0557368 5.1272632 3.9966085 4.7427251 4.6618701 5.2207352 5.3082489 4.2682210 5.2780758 4.5932900 4.6539059 4.5624576 4.3109206 4.6635690 4.8505983 3.9535866 3.8891721 4.9147142 4.9306747 4.5483631 4.5495137 4.7371090 4.7263608 4.0672805 4.6126483 5.0397216 4.6124133 3.9165805 5.0980130 4.5193023 4.6881409 4.0893945 5.5204525 4.6480207 4.4503123 4.0578173 4.1882364 5.1204917 5.4096887 4.6991633 5.8019245 6.1398535 5.5639103 5.6759039 5.6226861 5.9420551 5.9094843 5.9094843 5.4942927 4.0328803 4.5654210 
Oryzias_latipes_Complete_24_2070760_2071677-ORA6                   2.6820848 5.5066148 5.8726548 5.9323309 5.0761642 1.5300377 3.2300755 1.3865552 4.9373864 4.8433711 5.0930986 4.8624051 4.8898031 3.5257694 0.9067746 3.2927808 0.0000000 4.8646133 4.7074177 5.3586690 6.0287952 4.8738083 3.4265234 0.8184041 5.4624664 4.5275507 4.9848129 5.6217616 4.4453961 5.0625107 5.6692294 6.8235703 7.1168626 8.8134534 6.3193175 5.6469258 6.3217583 6.2060280 7.1420033 5.6115297 6.7321124 6.8324732 5.2835994 5.5230174 6.9485536 6.3122247 6.9621589 7.3895521 7.0528028 7.5113562 5.1921271 7.8549597 7.1263135 6.9141702 6.3178330 5.8506376 6.1987795 5.7192048 5.3321339 6.4799202 5.3472909 6.8106140 5.8608889 6.2642852 5.3834931 5.6823966 6.1529183 6.3536218 4.9967348 6.5889636 6.2565365 5.5920738 6.0465572 5.2262151 6.7311705 6.7126036 5.9847832 6.4725315 5.3953625 7.4009343 6.9453363 8.0324590 6.4393744 6.0751674 6.1797809 5.9364643 5.4185805 6.2856555 5.2996773 4.7192205 5.5832990 7.8617648 7.0777840 5.4207665 5.4394592 5.4394592 7.2818010 6.0885037 4.6144966 
Oryzias_latipes_Complete_5_15345901_15346875-ORA2                  3.3531170 0.9009854 1.6690875 1.4865003 3.2787807 4.9957417 3.4443185 4.7403935 0.8313640 3.4757819 3.4087079 0.4267310 3.5303700 3.6417558 5.2362733 4.1314394 4.8646133 0.0000000 3.5727381 3.5738991 1.6777982 3.4773894 3.8802517 4.9866359 2.9745157 3.2560539 1.6243393 1.0979010 3.1190797 3.0925586 3.0189776 3.2522010 2.7905955 3.1094620 2.0552892 2.1305579 1.9532324 2.1047089 2.0023923 2.2389596 2.1538721 1.9154855 1.8068634 1.7964770 3.1176390 3.1819367 2.8824736 3.3321893 2.9551750 3.2595776 2.4045413 2.9592818 3.1387517 3.0572333 3.0608314 2.5742473 2.8773855 2.6222050 2.9352225 2.9646618 2.5440129 3.5144642 2.9264537 2.6061290 2.9346025 3.0040395 2.6468172 3.0005366 2.6009632 3.0381822 2.7790350 2.5343729 2.6165427 2.4124105 2.6769645 2.7597629 2.5994147 2.7295063 2.4899399 2.8405993 3.0566489 2.7448129 3.1452164 2.7313419 2.7618249 5.6121373 5.1632833 4.7633064 4.8747156 4.4148111 4.7015038 5.3909289 4.9222286 4.3126043 4.9448744 4.9448744 5.1484611 4.9444437 4.2703712 
Oryzias_latipes_Complete_5_1933570_1934748-ORA4                    3.1558606 3.5708344 4.0087095 3.6534055 1.4349469 4.6305764 3.9784385 4.4949399 3.3126424 0.4297510 1.6413691 3.5988175 1.5292934 3.8472288 4.9690888 3.7932200 4.7074177 3.5727381 0.0000000 1.6480300 3.4903872 1.4908375 3.9759392 4.7081157 1.5358071 1.3077215 3.3005344 3.2337802 1.4020379 1.4300037 4.6668144 3.8981915 4.2468096 4.9566048 4.0011438 3.4717982 3.7915261 3.8109503 3.6739923 3.9947946 4.7429679 4.0247486 3.4428825 3.8704424 4.6361272 4.6101975 4.7386896 4.6729862 4.6818346 4.7952237 3.8916374 4.9764216 4.4782981 4.7039595 4.4476195 4.1009796 4.7875027 4.6046579 4.3858074 4.7809611 4.3564515 5.2901602 4.7126478 3.8323312 3.9698948 4.2866851 4.2855779 4.8710926 4.2344830 4.2062293 4.1802569 3.6565714 4.0812310 4.2390203 4.4064502 4.0139216 4.3663790 4.1910153 4.5702678 4.6794192 4.2970709 4.1280693 4.3017308 5.1271511 4.0164964 5.9601057 5.6891217 5.5894395 5.6143351 4.7081730 5.2769233 6.0181695 5.5408186 5.0630262 4.9760006 5.0201822 5.0570203 5.3851089 5.4687454 
Oryzias_latipes_Complete_5_1944526_1950342-ORA3                    3.2373649 2.9597116 4.6223621 3.6202789 0.8709416 4.0279970 4.2116819 4.6727742 3.2518156 1.5632413 0.6773506 3.2100628 0.5215276 3.6329820 4.7367517 3.7808350 5.3586690 3.5738991 1.6480300 0.0000000 3.3509317 0.4652905 3.9798776 4.4269391 1.4225495 1.5097335 3.3756017 2.7338230 1.4719782 1.4405652 4.3351683 4.4223010 4.0915371 4.6164569 3.8001713 4.1524612 4.0454576 4.6364768 3.6794345 3.9397599 4.1643002 4.2027440 4.1345286 4.0162532 3.8288704 3.9554501 3.6928311 3.5947100 3.9582864 3.8754085 4.2407430 3.8583435 3.7978157 3.8401346 4.3627480 4.5789183 4.9315090 4.0959461 4.3595516 4.3397794 4.2343980 4.5887727 4.4335001 3.4711316 4.2609285 4.5789482 4.5848817 4.8525685 3.9935859 4.1751370 4.4609100 4.3808329 4.1513174 4.2536581 4.5487207 4.4096187 4.2379074 4.5332626 4.1653989 4.1152893 4.3055446 3.6907325 3.5596311 4.6378189 3.8002523 5.8883928 6.2003803 5.1591230 4.9670914 4.6779587 4.6907260 5.1295218 5.5397133 4.9646999 4.8774908 4.8774908 5.2661566 4.3566951 4.1996616 
Perca_flavescens_Complete_CM014938.1_14861546_14862691-ORA1        3.4362631 1.4125869 1.3945834 1.2654996 3.3142092 4.4083086 3.8498082 4.9954451 1.4778804 3.2758177 3.6326802 1.3697287 3.5714053 3.5615002 5.6685264 3.8918870 6.0287952 1.6777982 3.4903872 3.3509317 0.0000000 3.5055763 3.7039963 4.9825721 2.9669797 3.4175219 0.7047111 1.2273090 3.2453645 3.2491023 2.2917406 2.6322054 2.4317164 2.8267893 1.7897855 1.6407751 1.6821990 1.6792735 0.7477773 1.9537941 1.5051626 1.5086797 1.3785391 1.6369190 2.5429725 2.2810551 2.0739804 2.3930398 2.3951770 2.1594568 2.0543381 2.0847649 2.6646026 2.3599604 2.2381421 2.3186396 2.3698010 2.1342906 2.2934329 2.2185522 2.1995342 2.4812486 2.3135837 2.1252547 2.2945883 2.3733433 2.4741420 2.4102285 2.1996179 2.4257133 2.4284929 2.1243562 2.2130158 2.1806469 2.0289635 2.1190177 2.2474391 2.3433395 2.0506334 2.2998534 2.2138982 2.0366482 2.5834846 2.6152026 2.0038645 4.9391129 5.2189400 4.4866375 5.0066740 4.8691140 4.5328793 5.3520493 5.7027997 4.7782867 5.0205463 5.0205463 4.6121905 5.0796937 3.9355621 
Perca_flavescens_Complete_CM014938.1_24730299_24733698-ORA3        3.0493810 3.0440876 3.9156662 3.8569536 0.7382931 4.0406217 4.1653713 4.9724263 3.3717078 1.4560704 0.5791797 3.3371159 0.4266003 3.5341186 4.9363634 3.3607725 4.8738083 3.4773894 1.4908375 0.4652905 3.5055763 0.0000000 3.5664392 4.5092353 1.4043145 1.4812095 3.6194538 2.6398454 1.6193618 1.3887708 4.7060714 4.1620342 4.6073425 4.8201316 4.0983148 4.2099669 4.1920328 4.3124212 3.8489059 4.0527240 4.2977689 4.2523313 4.1909144 4.1645002 4.0405550 4.4876121 3.9143562 3.6733247 4.4301655 4.2350123 3.9803187 4.3238047 3.9522985 4.4835522 4.9921615 4.2833140 5.3162057 4.1853138 4.3239817 4.1715295 4.0165292 4.8331696 4.4219221 3.5094609 4.3386422 4.3681340 4.5331392 4.6756383 3.9661074 4.5020644 4.3750922 4.0984936 4.0636614 4.0860003 4.9546330 4.7547133 4.2429943 4.1879086 4.2828415 4.1948903 4.4026020 4.0052730 3.5176508 4.8739218 3.9139893 5.9338362 6.4742212 5.0729091 4.8591239 4.3297704 4.5759148 4.8476887 4.7755771 4.4693157 4.4373562 4.4373562 4.8671506 4.3203497 4.3687479 
Perca_flavescens_Complete_CM014950.1_18197739_18198863-ORA5        1.0089821 3.7343070 3.8569602 4.3105779 3.6038471 2.8085224 0.9814029 3.0236362 3.6705217 3.9378507 3.8432257 3.6122062 3.9683247 0.4542367 3.5001414 0.8217113 3.4265234 3.8802517 3.9759392 3.9798776 3.7039963 3.5664392 0.0000000 3.2551354 3.7378162 3.5573643 3.8349171 3.4255102 3.5225573 3.6497008 4.4601318 4.7022517 5.4112660 5.9950216 5.4166285 4.7474923 4.6893271 4.5942122 3.5871646 4.2977757 4.4235085 4.3838043 4.1662120 4.6030943 5.0789054 4.7958707 5.1859913 5.0309803 5.0927532 5.8580250 3.6519424 5.2096014 4.8026322 4.9862908 5.3498311 4.6749994 5.2644851 4.5920686 4.7624146 4.4609492 4.2549790 5.0867509 4.8457870 4.2004315 4.0087033 4.9374513 5.3057618 4.6802883 4.3901211 4.7144236 4.5064169 4.0965890 4.4743769 4.6848708 4.5101421 3.7644861 5.0080897 4.8706048 4.0032390 4.1303457 4.7433455 4.2720249 4.5405572 4.2475176 4.6061539 6.3185580 6.4816347 4.9934367 5.5093159 5.4500073 4.8239213 5.2419792 5.2005037 5.8744540 5.5194453 5.5194453 5.6110993 4.2322291 4.2957254 
Perca_flavescens_Complete_CM014952.1_13101086_13101988-ORA6        2.5871707 5.1146197 5.5379479 6.2858093 4.7490995 1.3313050 2.9341183 1.1953691 4.4329684 4.7607812 4.4632494 4.8584308 4.3772042 3.1917051 0.6557676 3.2251949 0.8184041 4.9866359 4.7081157 4.4269391 4.9825721 4.5092353 3.2551354 0.0000000 5.0861919 4.8713917 4.6120257 4.7094015 5.2154167 5.3321475 5.2824997 6.4325535 6.1591521 8.7296873 5.5055845 5.4013354 6.3823790 5.9412340 5.6722560 5.4561698 6.5861428 6.7263097 5.1860033 5.0883912 5.3228265 5.1581310 5.3496884 6.0325810 5.1544917 5.4114637 5.1946999 5.8994719 5.4080782 5.6697911 5.2170034 5.2673624 5.9286243 4.6574557 4.0253144 5.1150248 4.8985743 5.3417746 4.5277444 5.9300734 5.1507698 5.2914257 5.2508588 5.3252096 4.8263080 5.5819340 5.1197997 5.2978600 5.2106452 5.2485364 5.4992830 5.5806683 5.7246598 5.7072032 5.2652214 5.9033450 5.0848752 5.3970543 5.3663039 4.3887349 5.0287085 6.4584587 6.6349482 7.2673774 6.2457004 5.4152115 5.9734093 7.6613672 6.7934431 5.9860691 6.3313171 6.3313171 6.3853409 5.2605475 4.2262938 
Sc-ORA4_sf75446                                                    3.2073181 2.6181106 3.3571611 3.1138997 1.3991332 4.7205752 4.2164629 4.5694549 3.1821153 1.4692931 1.3935178 2.8745181 1.4272668 3.4729690 5.4069840 3.7321393 5.4624664 2.9745157 1.5358071 1.4225495 2.9669797 1.4043145 3.7378162 5.0861919 0.0000000 1.4204646 2.9891325 2.5900243 1.5611879 0.4394674 3.6012004 3.5981148 3.5965833 3.6995009 3.3028219 3.6897079 3.5526955 3.6927112 3.1435667 3.5018080 3.5696298 3.7817389 3.1768222 3.6904884 3.2818434 3.6605768 3.4447962 3.6797458 3.5683451 3.9117892 3.3619573 3.8699507 3.7013434 3.8153673 3.8903535 3.6394087 3.9357330 4.0152220 3.9229900 3.6873919 3.3805991 4.0573087 3.7308888 3.4099441 3.5459866 3.6414442 3.4658546 3.5861961 3.6203447 3.7353109 3.3427498 3.3433991 3.4906393 3.1373480 3.4133087 3.6961144 3.5679729 3.3119058 3.4048679 3.4778176 3.3865411 3.3083376 3.5957454 3.8500939 3.2713241 4.9028921 4.5934067 4.7057224 5.3861057 4.8372788 4.8493339 5.3737162 5.2876545 4.9663443 4.9135493 4.9135493 5.3271658 4.2014448 4.1932992 
Sc-ORA3_sf4878                                                     2.9288316 2.8089222 3.7171687 3.6874402 1.4366029 4.3837829 3.4025350 4.8213475 3.0962330 1.2602407 1.6382605 3.1826811 1.4605175 3.3970202 4.7592265 3.6849739 4.5275507 3.2560539 1.3077215 1.5097335 3.4175219 1.4812095 3.5573643 4.8713917 1.4204646 0.0000000 3.3850823 2.9724241 0.6448853 1.3984714 4.4424767 4.4098629 4.4838889 4.7692183 3.5304273 3.3352912 3.3210898 3.6927682 3.2896927 4.1446882 4.2605672 4.0499068 3.3095706 3.5924076 4.1412448 4.8779417 4.6790323 3.9791908 4.6624904 4.9140691 3.4896804 5.0354621 4.2330130 4.8154631 4.5779829 4.1879755 4.5548647 4.5532872 4.3353099 4.4151308 4.2598298 5.0536840 4.4930091 3.6895076 3.9219877 4.2966731 4.4568107 4.4648629 4.1681704 4.0784551 4.1329143 3.9846428 3.9659246 3.8096715 4.1772182 4.6325359 3.7912072 3.8469615 3.8877496 4.8472666 4.1176380 4.3053613 3.9378848 4.4985482 3.7925887 4.7865033 4.6782981 4.2314672 4.1947225 3.7352947 4.3454878 4.5185188 4.2269276 4.1142326 3.9555132 3.9555132 4.0173851 4.6089886 4.2821551 
Cm-ORA1_XM_007894309.1                                             3.0355452 1.3999813 1.2652840 1.2573661 3.5346274 4.3113333 3.6630515 4.3550602 1.6328181 3.3126174 3.6192539 1.4437727 3.5902324 3.5033285 4.9479424 3.6586554 4.9848129 1.6243393 3.3005344 3.3756017 0.7047111 3.6194538 3.8349171 4.6120257 2.9891325 3.3850823 0.0000000 1.0904480 3.0539683 3.1286033 2.2265467 2.6513338 2.4218592 2.7907329 1.6944098 1.5468125 1.6419692 1.6522745 0.8208110 1.8958993 1.6160651 1.3869323 1.3967775 1.6248922 2.6426683 2.4339701 2.1750413 2.5264598 2.5689180 2.4011799 2.2673852 2.2512025 2.6285735 2.5434474 2.4825058 2.3198318 2.3061954 2.3217483 2.2873780 2.3139973 2.2746755 2.5572737 2.3939690 2.1366977 2.5819559 2.5882495 2.4652517 2.3635202 2.2382518 2.2969559 2.3802608 2.0700748 2.1176139 2.2457906 2.2455634 2.0418465 2.4425601 2.4548211 2.1775324 2.4560896 2.3480980 2.0991795 2.6945372 2.5400293 2.1002650 5.3029166 5.2671412 4.9310263 5.1672162 4.9319345 5.0241121 5.5580793 6.0117922 4.7523771 5.0656215 5.0656215 5.3112463 4.9440905 4.5091577 
Cm-ORA2_XM_007894310.1                                             3.1241026 0.8001065 1.3453029 1.1359098 2.6893652 4.3452136 3.3566628 4.7901480 1.1199535 3.1150211 2.9228016 1.0004122 2.7293643 3.1239607 5.3323901 3.3588846 5.6217616 1.0979010 3.2337802 2.7338230 1.2273090 2.6398454 3.4255102 4.7094015 2.5900243 2.9724241 1.0904480 0.0000000 2.8097462 2.6536815 2.5987369 2.8146539 2.4131050 2.6909702 1.7070536 1.6305409 1.6262096 1.6549346 1.3117753 1.8263995 2.0105167 1.6345549 1.4809906 1.5547574 2.3938425 2.6791081 2.1671351 2.5699805 2.5895771 2.7736734 2.3003161 2.5360599 2.4462537 2.3806297 2.4449383 2.2287651 2.7193533 2.4978357 2.5157452 2.6037039 2.2704497 2.9003316 2.5714579 2.1178269 2.4410240 2.4661485 2.5193583 2.6143417 2.4026349 2.7537204 2.4341912 2.3869066 2.2948714 2.4231980 2.4213018 2.4447598 2.5327802 2.5769477 2.3315640 2.9126808 2.3574996 2.2313464 2.6590934 2.6677826 2.2922901 5.0012049 4.6874047 4.5490031 4.4765794 4.0956904 4.1832050 4.7612371 4.9276535 4.1315367 4.5124829 4.5124829 4.2081985 4.9861685 4.1797464 
Cm-ORA3_XM_007906972.1                                             2.8758874 2.8306110 3.5167716 3.5105412 1.5353719 4.7449506 3.4836842 4.3539553 2.9842567 1.2703738 1.5846336 2.8807164 1.5157563 3.2507676 5.0425595 3.3333229 4.4453961 3.1190797 1.4020379 1.4719782 3.2453645 1.6193618 3.5225573 5.2154167 1.5611879 0.6448853 3.0539683 2.8097462 0.0000000 1.5782974 4.3322104 4.4252249 4.4957178 4.3769801 3.5078945 3.2770175 3.2180735 3.4745300 3.1862536 3.6867824 3.7474403 3.4749830 3.1804371 3.3575237 4.1172359 4.7175974 4.8027982 3.8154250 4.6767878 4.5764813 3.6005763 4.6062592 3.9494927 4.9170179 4.6059856 3.8210599 4.3555665 4.0138869 3.9422808 4.1651538 3.8325208 4.5424103 4.2023715 3.5515026 4.0613902 4.4574945 4.2331420 4.3845810 3.9108799 4.1648252 4.2560590 3.9215316 4.1988216 3.7662509 4.0394818 4.2602913 3.7939189 4.0618846 3.7028668 4.4093677 4.2313331 4.3709320 3.8513872 4.4410868 4.0598357 5.4294215 4.8179353 4.2806469 4.3438574 4.0182275 4.2379855 4.9204129 4.8168092 4.2753352 4.1547708 4.1547708 4.9600098 4.6122591 4.8625487 
Cm-ORA4_XM_007906911.1                                             3.1497988 2.8177439 3.4278385 3.0929301 1.4051006 4.5554425 3.9075631 4.8818175 3.1277886 1.4298778 1.3563620 3.1836852 1.3948978 3.3510406 5.4412714 3.4343402 5.0625107 3.0925586 1.4300037 1.4405652 3.2491023 1.3887708 3.6497008 5.3321475 0.4394674 1.3984714 3.1286033 2.6536815 1.5782974 0.0000000 3.9746815 3.3912813 3.9031587 4.3376264 3.7751888 3.8876221 3.6941458 3.7313425 3.4708785 3.7929545 3.8820310 3.9973998 3.4155639 4.0805397 3.7159598 3.9246311 3.6933870 3.9505542 3.8404667 3.9671022 3.2997130 4.0563806 4.0324697 4.1518286 4.1884934 3.3715720 4.4195981 4.0907717 4.3372710 3.8548712 3.5245109 4.4856373 3.7856503 3.2901619 3.7458531 3.7625129 3.5318526 3.7605906 3.5709488 4.1192266 3.9046323 3.3302812 3.6092512 3.5579331 4.0966772 3.8337882 3.8753543 3.2800596 3.6049591 3.5914944 3.8064412 3.9125131 3.8350108 4.1267770 3.3624242 4.5288364 4.2584513 4.6793821 5.4783738 4.9664519 4.9826128 5.1100894 5.3002495 5.1092906 5.1343116 5.1343116 5.2299393 4.2838332 4.3501390 
rat_V1R103                                                         4.1254879 2.8754728 2.8852763 2.5384916 4.5273340 4.3213197 5.0809502 5.0907103 3.0036258 4.3674970 4.9079913 2.9499885 4.5195613 4.2862583 5.3504925 4.6089683 5.6692294 3.0189776 4.6668144 4.3351683 2.2917406 4.7060714 4.4601318 5.2824997 3.6012004 4.4424767 2.2265467 2.5987369 4.3322104 3.9746815 0.0000000 2.1822567 2.8204032 3.1602508 2.8729114 3.1055484 3.1748892 3.2157553 2.2122868 3.1140647 2.6678258 3.0811627 2.8047427 2.8910180 2.1227470 2.0474969 2.0135929 2.3964536 2.3757956 2.0550325 1.6040223 2.1991684 2.1439158 2.2311600 2.3382294 1.8218710 2.1684785 2.1257023 1.8502714 2.0940202 1.6591417 1.8747199 1.9724884 1.9947635 1.9289231 2.0994229 1.9144765 1.9784761 1.9632514 2.1364071 2.2515694 1.6434056 1.9598588 1.7447071 2.1649298 1.9856123 1.8870685 1.8078927 1.8372080 1.9374834 2.1944712 2.0322890 2.2971624 2.1389226 1.8194511 5.6714578 5.4689467 4.8298185 5.7389526 5.3894466 5.4275255 6.3595061 5.2857023 5.8452543 5.7550559 5.7550559 5.7650707 5.6629674 5.8326777 
rat_V1R104                                                         4.5414008 3.0274796 2.8278445 2.7729238 4.2289969 6.2638413 4.8216154 5.1607312 3.2769245 3.7958936 4.2836759 3.1509528 4.2025440 4.0012445 6.5682930 4.5768732 6.8235703 3.2522010 3.8981915 4.4223010 2.6322054 4.1620342 4.7022517 6.4325535 3.5981148 4.4098629 2.6513338 2.8146539 4.4252249 3.3912813 2.1822567 0.0000000 2.4104674 2.8036775 2.8708988 2.9574755 2.7454917 3.1654636 2.5855389 3.0580618 2.8510214 2.8371538 2.6730419 2.9796517 2.2196027 2.3423065 2.0215549 2.2927112 2.4545053 2.0351727 1.5523807 2.2609709 2.2612744 2.2772901 2.4078704 1.6360862 2.2145183 2.2810810 1.8590760 1.9216836 1.4727467 2.1161635 2.1316663 2.0598863 1.8849846 1.7237382 1.6662058 1.7890776 1.7065926 2.1788009 2.0241873 1.5792266 1.7364526 1.6984588 2.2000909 2.0233405 1.6601674 1.7257958 1.7718099 1.7618208 2.2408691 2.2893500 2.2820752 2.1064381 1.5916157 5.2501077 5.3180632 5.8494336 5.7014035 5.2936708 5.4854139 5.6805432 5.6960434 5.8310594 6.0617792 6.0617792 6.4722436 5.8973477 5.1977620 
rat_V1R105                                                         5.3493093 2.7784516 2.4649615 2.8353387 4.2372926 6.3208784 5.6513960 5.7304381 3.0363646 5.1054311 4.4542291 2.8435652 4.4184165 5.1841331 6.7838083 5.9629645 7.1168626 2.7905955 4.2468096 4.0915371 2.4317164 4.6073425 5.4112660 6.1591521 3.5965833 4.4838889 2.4218592 2.4131050 4.4957178 3.9031587 2.8204032 2.4104674 0.0000000 0.4304834 2.7548559 2.7961305 2.8545541 3.0024628 2.4117915 3.1873152 2.6344239 2.7102834 2.9845121 2.9636040 2.2985625 2.3493817 2.3490335 2.2399519 2.4181446 2.6206503 2.1723389 2.6529732 2.4251824 2.6461797 2.3897414 2.2686828 2.7193945 2.1952635 1.9777973 2.2348495 2.1236281 2.3864951 2.1822328 2.3176319 2.2996811 2.4447540 2.5185972 2.7808222 2.2432075 2.5305635 2.7248690 2.1823419 2.3584497 2.1332724 2.4081605 2.1993071 2.4754186 2.2650948 2.1300517 2.1449938 2.2996177 2.3096070 2.5145728 2.3317680 2.2054831 7.2635559 6.2207358 5.6868335 6.8064481 6.8306493 6.5632506 8.4038712 7.7428560 7.3395425 6.8774036 6.9168243 5.8277837 5.6877244 5.1795934 
rat_V1r106                                                         5.6645055 3.1060201 2.9963652 3.0925755 4.6846957 7.0258277 6.8781217 7.6257162 3.5501605 5.7334530 4.7759910 3.0948210 4.7592027 5.8256027 8.5153644 6.3897879 8.8134534 3.1094620 4.9566048 4.6164569 2.8267893 4.8201316 5.9950216 8.7296873 3.6995009 4.7692183 2.7907329 2.6909702 4.3769801 4.3376264 3.1602508 2.8036775 0.4304834 0.0000000 2.8628554 3.0905141 3.1627361 3.1779488 2.6157069 3.5098084 2.7224675 2.9829083 2.9184196 3.1473064 2.8243362 2.6332317 2.5664093 2.6983187 2.6594652 2.8687387 2.5301619 2.9340220 2.9955339 2.9913705 2.8347933 2.6302736 2.8918942 2.5309919 2.4252670 2.6816670 2.5326230 2.5568134 2.5172220 2.7232744 2.6992101 2.8490414 2.7487194 3.1771140 2.6527052 2.9105903 2.9146811 2.6481792 2.8600996 2.3164073 2.4682008 2.4317011 2.6664774 2.5619042 2.4941936 2.4943508 2.5551096 2.7065804 3.0698753 2.8199730 2.6234966 8.4470384 7.0332331 5.8972961 7.8555287 7.5022848 6.2114813 8.0091287 7.8697420 7.6079499 7.4136301 7.4580013 6.6694509 6.8716728 6.0690925 
frog_V1R1                                                          3.9792135 1.8578076 1.5050695 1.8044628 4.3545031 5.2251361 4.5189260 5.1960090 2.0542378 3.9705143 4.1828001 1.8820608 4.1779156 4.5022463 5.6058190 4.8299282 6.3193175 2.0552892 4.0011438 3.8001713 1.7897855 4.0983148 5.4166285 5.5055845 3.3028219 3.5304273 1.6944098 1.7070536 3.5078945 3.7751888 2.8729114 2.8708988 2.7548559 2.8628554 0.0000000 0.9478846 1.0322116 1.2972339 1.7368922 1.9535242 2.1580393 1.2967908 0.9150642 0.9518875 2.8085263 3.0185924 2.6228914 3.0774818 2.9383387 2.9097253 2.5833818 3.1281630 3.0633440 3.0118914 2.8484369 2.5039610 2.9300541 2.5994924 2.5259461 2.8731779 2.6370450 2.7860429 2.6246404 2.5967007 2.6834212 2.6399668 2.8875195 3.0166572 2.7744214 3.0822648 3.0663835 2.4184630 2.7035497 2.6229705 2.5800457 2.7193283 2.7855932 2.7642738 2.5380564 3.0557282 2.8609714 2.7983260 3.2042597 2.9712974 2.7696193 5.1187289 4.9151669 4.5226592 4.9547801 4.7577950 4.8145122 5.2984551 4.9338271 4.7949383 4.9504060 4.9504060 5.1790411 4.9269409 4.7375700 
frog_V1R10                                                         4.3531817 1.8526146 1.5083057 1.5204575 3.8108440 5.6519043 4.6238986 5.6084590 2.0685813 3.4301962 4.0327260 1.8717454 4.3103600 4.7246195 6.4492553 4.5171910 5.6469258 2.1305579 3.4717982 4.1524612 1.6407751 4.2099669 4.7474923 5.4013354 3.6897079 3.3352912 1.5468125 1.6305409 3.2770175 3.8876221 3.1055484 2.9574755 2.7961305 3.0905141 0.9478846 0.0000000 0.5255995 0.9734233 1.6835239 1.8115792 2.5808551 1.0466981 0.6547148 0.5819471 2.7017718 3.2937347 2.8572970 2.9102018 3.0609112 3.2153238 2.6722796 3.2806866 2.9725233 3.2729067 3.0908876 2.6386065 2.7574542 2.7229307 2.7819568 3.0282250 2.5937364 3.2184123 2.9687146 2.7819657 2.9516623 2.9181536 3.1067542 3.2753454 2.8016816 3.0123559 2.8833703 2.5063403 2.8499657 2.7359647 2.5196453 3.0319956 2.8372610 2.5266820 2.5893950 3.5579976 2.8999385 2.8663157 2.9529976 3.1236227 2.5713076 5.4280655 5.0371218 4.4201469 5.1727965 4.6974178 5.1500436 5.3743408 5.6217894 4.5344662 5.2803629 5.3071559 5.4748819 6.2101309 5.4708740 
frog_V1R13                                                         4.4245692 1.8215086 1.5435182 1.5514707 3.7999928 5.1068736 4.5596986 5.7890187 1.9671161 3.7511985 4.0388629 1.7926140 3.6801687 4.7286659 6.0343005 4.7486550 6.3217583 1.9532324 3.7915261 4.0454576 1.6821990 4.1920328 4.6893271 6.3823790 3.5526955 3.3210898 1.6419692 1.6262096 3.2180735 3.6941458 3.1748892 2.7454917 2.8545541 3.1627361 1.0322116 0.5255995 0.0000000 1.0205456 1.7813390 1.9118171 2.5725577 1.2172371 0.7577530 0.6962933 2.6690128 3.2648894 2.9446850 2.9073761 2.9518964 3.1886950 2.6066459 3.4343170 2.9001398 3.0132031 3.1601610 2.7879236 2.7625539 2.7005985 2.6834050 2.7994175 2.5540975 3.2511710 2.8039343 2.7573144 2.8029106 2.7898962 3.1172073 3.1202674 2.9110216 3.0399018 2.7448451 2.5733882 2.6531288 2.8061808 2.7210592 2.5509490 2.8168814 2.8997899 2.5334196 3.2672377 2.8699751 2.8008986 3.1571877 3.1645141 2.7213641 4.7541408 4.8494037 4.3345098 4.9370565 4.6926985 4.8659887 5.4246567 5.2666695 4.4193559 4.5955526 4.5955526 4.8203722 6.1468118 5.0639312 
